0 22500
27000 22500
0 0
27000 0
6840 1692
5130 12510
12240 18360
11250 1287
8640 9810
15120 972
9540 1449
4500 1881
4680 1719
6120 1791
8820 1755
6300 1827
8370 1602
7560 1629
8190 1575
14490 1350
25470 342
4590 1944
16200 14760
25470 4410
15840 1305
3330 1872
3960 1701
3150 1368
9540 1368
9000 1449
6210 1530
24300 4140
8550 13410
10530 10530
8010 1674
17010 11970
23040 4590
11070 10710
12330 11880
22320 4500
6300 17190
6120 16560
12150 1368
8910 16650
11070 10440
9810 17100
25830 2610
25650 3510
10350 11250
9450 12330
3870 16470
13230 12420
9360 18270
22680 522
25200 3060
25830 3420
13590 10890
9990 10350
10620 10350
5130 17460
7740 16830
3150 14670
5760 17280
25920 4860
6480 18990
11070 13950
10620 15390
22860 2070
23040 3870
10710 10980
14220 1134
14670 1188
23490 2340
8820 16020
8820 15660
10440 11970
9990 12870
10530 13410
7830 13320
8010 12960
7740 14490
7650 15120
8100 14310
9270 15300
22230 2520
10980 11340
10170 13590
11070 10260
20880 1890
9990 13410
10710 13590
9990 12150
10170 11700
19800 7380
20070 7920
19350 7560
19980 6750
14490 10800
18000 8730
9000 15750
9000 16020
20070 7290
23130 4950
16110 11970
23310 180
22500 1800
4860 16020
3600 15030
26100 2610
6030 17010
5490 16740
14220 14220
22770 1260
24930 4230
24480 4410
18000 8280
18360 7470
3780 17460
3780 17010
3600 16380
7200 13590
7470 13320
12960 8640
10440 13590
11250 13320
16650 13050
17190 13590
12150 12600
11610 13140
11880 12870
5310 17100
21600 6390
20520 7020
7920 14670
12150 11700
11880 12240
11520 12240
11340 11700
11610 11970
11700 12510
6300 16830
12780 13410
12420 12960
21150 1170
6840 17640
6570 17460
6660 18000
3060 14940
22770 450
3060 14580
8370 17010
7470 17370
8730 16830
7020 17730
7470 19980
7200 18450
10710 13770
10440 13680
18000 10440
16650 1152
11790 14130
11700 13590
12150 12060
9180 11880
10710 11340
25020 3690
24750 3420
22140 450
7830 15390
23580 4950
18000 9630
22950 2430
4590 17730
8820 12150
8100 17100
9180 15570
24120 2430
24750 2790
12060 16290
10170 10800
10170 11070
8010 15930
9450 12600
8640 13320
10980 13500
9270 16830
8820 12330
8640 12600
8730 12330
13500 13500
8370 16830
8640 16740
8730 16470
10620 10170
3690 17010
22590 6030
9810 12330
10440 13950
9990 13860
10710 14130
12420 12510
14760 13140
8370 15030
8280 14670
24930 4410
23220 450
12240 12240
9900 20250
12060 10530
11610 11250
26100 3240
22770 360 
6480 16740 
6840 15390 
7380 14760 
7020 14850 
7110 14400 
6660 14400 
15570 12420 
4050 18090 
11070 11790 
17100 8730
19620 7200 
8640 13050 
8550 13320 
8370 13320 
10800 13140 
11250 11250 
21510 612
21960 6030 
9180 16470 
9180 16290 
7740 16110 
8550 12510 
8190 11970 
7830 12690 
23940 270
5760 16830 
17820 8010 
22140 153
22230 1980 
1620 2070
17820 11160
4410 17640 
6930 15120 
15750 11790
16200 11610 
6390 12960
6840 12240
25110 3330 
22230 36
10890 9990 
9270 14130 
9000 13860 
8640 14040 
3510 17010 
9000 16830 
10980 13230 
12780 11610 
13320 11520 
24930 3150 
10440 10170 
25920 396
13770 11880 
2880 15030
2970 14580 
2790 1368
9180 11430 
9450 11520 
9990 10890 
9810 11970 
9810 12060 
9000 11610 
9270 11160 
9090 11340 
9720 12060 
12330 13770 
7200 14940 
12330 11700 
12240 11430 
20250 7560
20880 7020
21240 6480
8820 11520 
17100 810
10710 12690 
10890 12510 
10620 12330 
10710 12060 
11070 14130 
16110 13770 
16200 13410 
15390 13320 
15480 13950 
15120 13950 
14940 13590 
18450 8550
11340 12060 
24480 2880 
7740 15750 
12060 13230 
14130 16110 
14940 14310
15030 1656
8370 15390 
24300 2610
3420 14580 
3780 14670
5310 16380 
22860 549
11340 10980 
8640 15930 
8550 15750 
2070 18630 
26280 261
9450 16200 
9360 16290 
9360 16020 
9360 15660 
9450 16020 
22500 4860
8550 15930 
14130 11070 
17820 10080
17820 10620 
23760 4500 
22770 270
24660 450
5760 17910 
5130 17910 
4410 15480 
14130 11700 
8280 12150 
26190 3240
8550 16110 
7560 17190 
6840 16110 
7470 15840 
6480 18090 
6480 17910 
15210 13590 
9450 13320 
9720 13140 
14220 13860 
14670 13860 
4140 16830 
4320 16650 
4140 17280 
7290 16560 
7470 16920 
16020 11340
9990 12600 
11520 12690 
7560 13860 
22770 630
6300 17730 
9540 10890 
22320 27
1620 17370
10440 12600 
10620 12870 
5580 18900 
5310 18180 
6300 15840 
12780 12150 
12870 11250 
4590 18180 
4500 17910 
14580 11340 
6840 16380 
9990 11160 
8010 13950 
8190 13680 
16470 13950
16380 13680 
16470 13500
6300 17550 
6120 17460 
6030 17640 
8910 15390 
8640 15390 
10800 13320 
8640 15030 
10620 13050 
8100 12330 
8100 12150 
8010 12330 
25200 450
24930 4500
23220 5220
21690 6570
21780 684
26280 288
22410 2340 
10440 14220 
19260 729
24570 4050
8820 15840 
9360 16200 
24120 441
4860 18180 
8820 15120 
7020 13770 
7020 13950 
24660 2430
23940 1890 
24480 153
23760 153
23040 1350
25020 2790
3330 14310
5040 21330
5310 20160 
6660 16200 
16470 13680 
8460 14850 
24660 459
23760 4770
8370 16380 
8010 16200 
7920 16380 
8010 16380 
8460 16290 
11790 10710 
11520 10710 
6750 2142
20250 7740
1530 1593
2880 16740 
2700 14760
4230 18180 
7650 13320 
7740 13230 
9180 15750 
23130 27
7110 15120 
7110 12690 
7110 13230 
6930 13410 
9360 11790 
22320 5220
22410 5400
10530 11070 
7290 18090 
23220 2700
22680 2610
5490 16290 
25560 1800
16470 11970
16650 12150 
16380 12060 
16020 12240 
23490 522
7650 13500 
5040 18360 
7920 14130 
6840 13590 
4410 17190 
8460 17280 
8190 17460 
18540 9180
18990 909
18000 10800
18360 1107
8910 17010 
11880 14940 
13770 14220 
14040 14040 
13860 14940 
12150 14130 
12780 14220 
9000 10890 
8910 11160 
8730 11340 
8820 11160 
2880 14220
9810 15570 
18090 10080
18360 9900 
9270 16110 
16740 12330
8460 13230 
9090 16920 
11520 12960 
7470 14490 
5940 17190 
10440 11520 
10620 11610 
10890 13860 
8100 15300 
6840 14220 
9450 13050 
9090 10530 
9540 14040 
9000 14130 
4140 17100 
7380 15570 
7200 15750 
24390 3240
11430 13590 
11430 13410 
22410 540
21690 1980
11880 11520 
11520 11610 
19980 7650
9720 16020 
24840 3780 
16200 14310
15930 14130 
15570 14220
10710 10710 
10350 10800 
24660 3690
11880 11160 
9810 16650 
9630 16740 
13860 11340 
17730 8730
17640 9000 
8640 13500 
8550 13500 
14040 10890 
14310 10620
20790 657
20970 6750
6570 17280 1
6480 17010 
3870 16110 
12600 10980 
18270 9000
12600 11520 
16560 12420 
10170 13410 
10440 13320 
10260 13140 
9450 15390 
11970 12510 
14940 11340 
11970 13770 
22320 81
6570 16650 
8730 13860 
4680 17370 
13140 15480 
4950 16290 
5040 16470 
16020 14400
13950 13320 
7470 15300 
23040 4230
23220 4230 
23490 4230
6930 19440 
20520 756
20340 7740
10800 13950 
10800 14760 
10530 14670 
10170 15030 
11070 14850 
16110 13140 
25380 216
23130 2160
9450 15210 
5580 17190 
11880 10530 
11520 10350 
11790 10440 
11970 10170 
11790 10260 
11520 10170 
11790 10170 
11790 9900 
25830 153
12510 13320 
24120 1530
9810 13410 
9810 13590 
6840 13860 
10080 10080 
7830 12060 
7920 11880 
7830 12330 
8640 11250 
8820 11070 
9000 10710 
7650 11970
7740 11790 
8640 10620 
23220 5310
7560 13140 
7740 13050 
6660 16920 1
11250 13050 
6840 15750 
9540 11790 
20250 792
3690 18180 
3960 18180 
3420 17730 
7740 14220 
10170 11970 
11340 14040 
11610 13770 
5040 21690
11340 9900 
18450 8280
8640 17010 
1260 17100
1440 18900
7650 12960 
9270 12690 
6120 16650 
6300 16740 
8190 14580 
22500 1260 
5400 16830 
5490 17010 
8730 18810 
7740 18270 
7380 13950 
7290 14130 
22500 5220
9270 20430
9540 11160 
7920 15840 
900 2025
22860 900
17640 7830
26280 3150
12780 13680 
12780 13950 
13230 14040 
12600 13950 
12600 13770 
12690 13590 
6570 15210 
6750 15030 
18180 10170
8280 10980
7920 11250 
7470 1134
7830 11160
7560 11790 
8460 10440
8820 10530
17820 8820
24660 2970
8730 14130 
8550 14220 
11160 11700 
24840 4590
5490 16830 
18090 8910 
23400 4590 
25830 3150 
13230 10890 
1170 1638
990 19080
9270 15030 
23850 4410 
25650 4140
25650 3780 
25740 432
25200 4230
25470 3960 
6660 17460 
24030 468
24210 18
22770 4590 
22950 4770 
16380 13050 
16290 13230 
8190 14670 
11700 12420 
17370 10890 
17010 10980
17280 11160
9090 12330 
8910 12420 
9090 12060 
6480 2178
15120 12870 
15480 12870 
26280 360
9360 12060 
9540 12060 
9180 12240 
17550 10710
10350 16560 
7380 13140 
7470 12960 
7650 16650 
10260 9360
10350 9810
9180 17280 
12510 13590 
23400 4410 
7200 14760 
7290 14670 
15030 12600 
10080 11430 
9900 11610 
9810 11340 
12330 14580 
7470 17550 
10980 11880 
10980 13950 
22950 2880
17010 13050
7650 14670 
9270 16020 
25200 171
6750 14130 
7020 17910 
5580 17730 
5310 17550 
5310 17370 
7830 15930 
7920 15930 
17370 1251
9360 12510 
5130 17730 
4860 17550 
12150 13860 
9990 909
720 1998
810 19170
13050 17820
13320 1791
13680 9720
7470 12060 
7650 17550 
14400 11790 
14130 12780 
14400 13320 
9990 11880 
17820 756
8280 10260
900 17730
4950 17820 
17910 9000
5130 16830 
5760 18270 
8100 13140 
8280 13140 
8460 12870 
8370 12690 
8280 13050 
8280 12870 
14130 14670 
14130 14940 
4050 17100 
25290 3240 
8820 13950 
9360 12870 
10080 11790 
9990 11970 
8100 1008
3780 17640 
8550 14490 
7470 11880
12330 13500 
7920 14940 
8190 14850 
7830 15210 
5940 18270 
4140 2178
2520 21060
4950 21780
8730 14490 
10800 13680 
7650 18810 
5040 17190 
22230 2340
11160 13230 
23040 315
22860 3060
5850 18090 
8100 15390 
14310 13950 
2250 2124
3960 17100 
5580 19440 
12060 9630 
11790 9720 
6570 17100 
6210 16650 
24480 2340
24300 2160
24660 2160
6210 17460 
4320 18360 
4140 18270 
6570 19440 
6570 20160
7110 16200 
5310 17910 
4230 18450 
9090 15030 
8820 15030 
11880 12060 
11880 11790 
11700 11700 
10170 11250 
18360 10350
24660 468
10710 12150 
7020 15210 
7110 15300 
18090 9000 
3600 14670
3420 14490 
3600 14580
6840 15210 
2700 18090 
6210 17910 
7740 15840 
7380 15210 
7740 17460 
13230 17280
13950 17010
5760 16650 
9360 13500 
20340 7110
630 1989
16470 11430
23040 549
7110 17010 
7110 16920 
10710 15030 
9270 11610 
8370 17370 
8730 11610 
8460 11970 
8640 11880 
8820 11790 
8550 11790 
24030 4320
16650 12690
5490 17370 
5580 17550 
4320 2187
4140 17730 
4230 17910 
810 1665
9450 11880 
14130 11790 
14130 11970 
8640 14670 
26370 279
7920 18180 
5490 15390 
5400 14670 
6480 14220 
6300 14310 
6480 14580 
5850 15570 
25740 216
25740 1890
5850 17100 
5760 17100 
9000 16290 
8910 16470 
18810 9540
23670 1890
11340 15120 
7470 11700
8910 15930 
17730 9540
10710 10530 
12060 16650 
6120 16830 
7380 17460 
16470 12960 
9630 12420 
9630 12330 
8460 16560 
22050 639
3060 14400 
9090 17460 
9270 17370 
5130 17280 
5040 21870
630 19080
10260 11340 
5040 17010 
9810 14400 
11250 10620 
21330 6750
8910 15570 
8010 17010 
7830 17100 
10890 15030 
9090 12600 
9090 12420 
9810 16830 
22770 324
13320 10620 
6660 16830
10800 11790 
7830 13950 
14670 15660
4770 18090 
25560 3240 
25650 2880
25650 3330 
18000 7830
18270 8100 
8190 16470 
22950 2610
17550 9360
16920 9450
4410 17100 
4230 16920 
25830 207
25830 1800
3780 18810 
3870 18450 
17460 8910
11700 10620 
7740 15930 
6930 17190 
6660 17100 1
6840 17280 
8820 11970 
9000 11970 
11790 13140 
10890 17550 
7560 15930 
7470 16020 
6390 16920 
16470 13140 
9990 18540
10890 18450
5220 16740 
11520 11160 
11700 11160 
20880 6840
11250 11790 
11160 11790 
12240 12420 
12510 12150 
12330 12060 
12960 13590 
12870 13770 
9360 14850 
11160 11970 
10980 12060 
11160 12060 
2430 21330
3150 14850
3330 14760 
3420 14850 
10980 10350 
7020 14580 
22410 5670
3420 14400
24750 3870 
15120 13500 
11160 10980 
10980 10980 
8100 16020 
9360 10980 
7290 12600
8460 14670 
8010 10800
8370 14040 
8640 13860 
4050 17010 
6660 15570 
11520 13230 
11700 13230 
11340 13230 
11430 13050 
12150 12240 
12060 12420 
16830 12060
16740 12150 
8190 15210 
9360 20520
17370 10800
17280 10530
10800 12420 
8370 11880 
9540 12510 
10530 11790 
10170 14400 
8820 17190 
9000 17280 
23040 1710
22860 1710 
22950 1980 
23130 1890
16650 12510 
16920 12510
11250 12150 
11070 12150 
9180 15120 
9090 15210 
12960 14130 
12960 14310 
6300 14040 
11610 13320 
11070 12690 
11160 12600 
3780 15660 
3690 16020 
22500 720
22500 990
22860 4410 
12150 12690 
12150 12870 
12330 12870 
12330 12690 
8460 16020 
10350 13860 
8190 16740 
13680 9000
8280 13500 
9000 13410 
9180 13230 
9270 13050 
9180 12780 
8820 13230 
9000 13140 
18630 8460
3870 17820 
23940 2340
24030 2250 
22320 3690
22680 4140
11070 13050 
10800 13050 
10890 12870 
7020 14400 
10620 17910 
12420 13050 
23760 396
23850 4230
7380 13410 
10530 14130 
7740 16560 
13680 12960 
10440 12060 
10440 12240 
10260 12420 
5580 18270 
5490 18090 
5670 18090 
10530 12960 
10530 12870 
10260 12960 
25740 3600 
14220 13410 
14220 13500 
10080 2061
10530 1953
11250 12240 
10440 13410 
15750 13590 
15930 13320 
15840 13860 
2250 2142
12420 12780 
16650 13680
16650 13320
22770 180
9990 13140 
10170 13320 
23670 495
10800 9630
11790 9630
8820 12690 
8910 12870 
8730 12870 
8640 12690 
8910 13140 
12870 10350 
14490 1674
14220 17010
13860 1728
13500 17370
19800 7200 
11790 13230 
15840 13500 
7560 12870 
21780 666
4320 2196
10260 12060 
10260 12240 
13770 11520 
10350 12870 
10260 12780 
4050 16830 
3960 16650 
4140 16650 
4050 16470 
7020 15480 
11160 11430 
11340 11520 
25200 468
9540 15300 
16920 13140
13320 16290
23220 5400
11070 13770 
12240 12960 
15210 15390
11340 13410 
11250 13500 
10530 10620 
9540 11430 
7200 16380 
22140 6120
25380 3150 
7740 11070
6750 13680 
8550 13860 
24390 2970
21780 6120 
8460 13500 
8370 13590 
9540 15570 
9540 15750 
7920 11610 
8190 11520 
8460 11520 
22410 18
25200 3420 
25290 3600 
6390 17820 
8820 15750 
7110 13680 
7650 17010 
10890 10710 
10800 10890 
8190 13230 
23580 4590 
26010 2790
24120 108
24210 1260
13230 11070 
13500 11160 
5760 15120 
6030 14940 
12780 12600 
9990 12330 
8550 11430 
8370 11430 
13320 14310 
21780 6030
21960 5850
22140 5760 
22050 5670
22140 531
22320 5940
4500 14760 
4680 14310 
4950 15030 
3510 14310
4770 17010 
4860 17100 
4590 17100 
5220 17820 
3960 17640 
10620 11790 
21330 6570 
26100 3420
18360 9540 
18180 9180
3330 19620 
4410 17370 
18810 8010
18630 7740
24570 2610
8550 13230 
6840 17190 
11700 12060 
23040 63
23040 450
10530 13320 
12510 16290 
12420 16470
24840 3600 
7110 18540 
4320 16830 
6750 17190 
12240 12060 
13590 13320 
13320 13320 
13230 13140 
540 1962
720 17550
10260 13500 
8910 15840 
7020 15660 
10800 11520 
10980 11520 
25020 2970 
15030 13410 
4950 13050
9090 11160 
9180 11070 
6480 17370 
12690 11160 
8190 17190 
9090 16200 
6660 17280 1
6840 14580 
11340 12510 
11520 12420 
5400 21870
10260 12600 
11250 13410 
14670 873
22230 351
7110 17460 
7110 17280 
7290 17190 
13140 16920
12870 16830
17280 10980 
630 1674
540 18720
16290 12960 
2880 17190 
3240 17100 
9090 9900
9270 963
8910 10350 
8640 10350
9540 9630
7650 15480 
7650 15300 
8820 12600 
9810 10890 
9630 11070 
2610 15930
2880 15840 
4230 16110 
4590 16290 
4680 16650 
4140 16200 
4860 16560 
15930 11880 
10260 11070 
8010 15120 
3870 17280 
3960 17370 
6930 15570 
22050 6030 
9900 13770 
9270 18540 
10080 12330 
12420 13950 
12510 13860 
4770 18270 
10980 13770 
18000 8460 
14400 14040 
14580 14130 
25020 3960 
24840 3960 
1890 20880
21690 6210
21780 6300 
8730 13410 
8460 11340 
14400 13770 
4950 18270 
13950 10980 
13860 11070 
9090 12240 
7650 17640 
7740 17550 
6930 16920 
5310 16830 
9540 15480 
8730 17280 
14400 14760 
8820 16650 
8820 16560 
11520 14310 
18270 7830
23220 2430
8550 15570 
8730 15570 
8640 15660 
6660 17550 
6480 17730 
6390 17640 
8370 16560 
22140 5670
14940 13770 
15030 13680 
24570 3510
12240 18180
12780 17100
12960 17010
6030 15660 
4950 15660 
22320 1620
14400 1692
14130 17100
9360 16110 
22410 5040
22500 5130
8820 13680 
10260 14040 
18540 9720
18450 10170
16110 12870 
15930 12510 
16380 12600 
6120 14760 
21870 5850
19170 918
22770 1530
22500 1620 
22950 1530
13770 17100
5760 17730 
5670 17640 
8820 14040 
6210 18540 
5940 18360 
6300 18540 
5040 17370 
9630 11880 
9810 11700 
9540 11880 
2610 15750
22410 990
22230 1440
22140 135
16020 12060 
15930 11970 
11070 14400 
10890 14310 
10710 14310 
11250 14130 
10890 11250 
15390 14130 
10080 11880 
7560 15210 
20700 693
10530 12690 
25110 459
9360 15840 
24210 1170
4590 17370 
7290 18630 
13500 17190
10620 14490 
10710 14400 
10890 14400 
16110 13680 
16200 13500 
8460 17100 
11700 8910
11520 9450
11340 864
11880 9270
17550 10530
17910 10440 
25560 1710
14490 14940
11700 10710 
11790 18270
13050 10800 
5490 15930 
5130 16290 
5310 16110 
12690 16020 
6570 12960 
6750 13320 
6750 13500 
6660 13590 
8820 14580 
9810 12510 
11250 11610 
4230 14490 
10620 12600 
18450 10350
9630 13680 
9630 13590 
15030 13140 
5400 17100 
7650 15030 
7380 14940 
7560 15030 
8010 17280 
17820 10800 
17640 10980
25470 252
25380 2700
9810 15930 
9450 16560 
9450 16380 
9540 16290 
9540 16560 
8730 13680 
8640 13770 
15930 12690 
15750 12960 
8370 17100 
9990 15030 
10080 14850 
9720 15210 
25020 4320 
12420 16110 
8010 13500 
8100 13410 
7290 15840 
7380 15750 
13050 14220 
9000 13320 
10620 12960 
7380 13230 
23040 18
12600 12780 
14220 8550
14310 13590 
9990 15840 
25110 3780 
10710 13500 
10800 13500 
10260 14760 
10440 14760 
11700 11790 
15390 13230 
15300 12960 
15210 13050 
11880 13050 
12060 12960 
12060 13050 
8370 19710
4680 16200 
22680 1170 
22230 5580
21960 5670
11430 13950 
11250 13860 
11790 13680 
11970 13500 
6300 19350 
8190 11340 
8280 11340 
8640 12510 
10620 10800 
6120 18180 
6120 16740 
5850 16740 
6750 17730 
6300 16200 
6210 16560 
6390 16380 
6120 16200 
5850 15840 
7740 16740 
5310 17010 
14130 13680 
15390 13590 
14400 837
16380 13410
19980 7380 
9990 13500 
9990 14580 
9900 14670 
14400 10890 
14490 11250 
14670 11250 
6030 14220 
5580 13770 
9180 18360 
8910 17820 
8820 18000 
8460 17550 
8640 17370 
9540 13860 
9360 13860 
9360 13770 
22320 6210
7830 16830 
11790 12060 
19710 7560
19620 7290 
19440 7470
19890 7740
5220 16470 
13950 1728
18180 10890
8100 12060 
6390 2196
5310 21960
25920 198
8370 16110 
3060 14670 
23040 900
23220 99
4860 17640 
9990 18720
10260 18720
9450 18990
8730 19890 
8460 19890
9540 20160
3060 14850
8640 16920 
17820 10260
9360 16740 
14490 16560
14760 1656
8640 10080
10530 12600 
6570 17820 
9450 13950 
14760 16380
22050 1980
22140 2160 
8910 14130 
9270 12060 
15570 13320 
15660 13230 
15570 13050 
23040 558
11340 18720
12150 11340 
23850 2070
10350 11700 
10260 11880 
7830 16200 
6660 13410 
6300 13500 
6570 13140 
6480 13590 
6030 13680 
6300 13680 
9720 16200 
9630 16380 
23400 4860
23130 4680 
3600 16650 
8640 12420 
10800 13860 
8280 15390 
7110 15210 
3330 14580 
9180 12330 
9180 14670 
9270 14400 
18540 8010
18450 7920
8820 12420 
4860 16830 
7650 15210 
14130 10800 
13860 10710 
10890 11970 
12870 13050 
12600 13230 
19980 7020
19800 7110 
20160 7110
10260 11160 
21690 675
13590 15210 
10260 10260 
8820 17010 
7560 14490 
7740 14670 
7740 14760 
10440 16200 
10980 15570 
11160 16470 
10080 16200 
9810 16110 
5310 22050
10350 10440 
8010 14580 
11520 14760 
12510 11610 
12510 11880 
12420 11790 
12420 11520 
12600 11610 
12600 11970 
12510 11520 
20160 7830
11880 12600 
11700 12690 
11700 12780 
10530 14040 
3960 16830 
3780 16740 
18270 9360
13050 16560
18000 10620
4050 15660 
15390 15300
15750 14850
12240 12600 
7380 17010 
10890 14040 
4860 19260 
4950 18810 
5760 17010 
5670 17010 
10350 12960 
9090 13950 
9990 16740 
8640 13230 
3240 14760 
12150 12330 
23760 4860
9900 12150 
4950 20340 
4500 20160 
13770 10890 
16560 11340
6660 17010 
11610 13230 
25290 3510 
13410 13230 
360 18810
4680 18450 
4500 18360 
23220 2610
6660 12780
11610 11700 
11520 11700 
11340 14310 
22500 369
5310 19350 
10800 15210 
5850 17280 
5850 17460 
5940 17460 
5850 17190 
25560 432
8370 12330 
8460 12150 
8550 12060 
7200 14580 
7200 14490 
14310 11520 
25740 3060 
13140 12690 
13230 12870 
13230 12690 
24390 2430
18900 756
2340 17280 
8190 17100 
6570 16470 
6930 18180 
6750 18270 
7110 18180 
6660 18630 
6840 18180 
13590 13770 
9450 12150 
2970 14400 
8550 15210 
8460 15300 
11520 13500 
4500 17010 
11880 12780 
7560 15750 
7560 15660 
12240 13230 
12240 13050 
3780 17190 
10440 9990 
20250 7020
9720 11520 
9540 11520 
8730 15660 
10620 12780 
9900 12420 
9450 15120 
11880 13590 
8730 17460 
3330 16920 
24480 2520
15120 13860 
15300 13680 
20070 7200 
7290 18360 
8010 15570 
8460 16470 
9090 15570 
9000 15480 
9090 15480 
10890 12060 
20430 756
12870 18090
7560 14400 
25020 3600 
24930 3510 
24930 3330
10710 13950 
7650 20610
8460 20520
13410 13860 
13320 13590 
11880 12330 
6480 14040 
6660 13860 
7290 14580 
2520 16110
2520 15930
2700 16020
7020 2115
7830 20790
7290 2124
7920 21060
7470 2133
8550 2088
26190 3330
23220 4140 
23400 4050
23130 4140 
10980 15210 
24210 99
3780 18360 
7290 17640 
24120 2790
24120 2610
24210 2970
24120 315
10530 13860 
10440 13860 
14850 13950 
7740 13410 
21870 1800
25830 4140
7290 14760 
9000 13950 
9450 12870 
9630 12690 
9540 12780 
9450 12690 
10170 13770 
10080 13770 
9090 12960 
22320 396
25470 3510 
8910 17280 
8730 19440 
10530 12510 
15660 13140 
7740 16200 
11880 16380 
11700 16110 
11520 12780 
5670 17460 
11880 13410 
11970 13320 
9630 12960 
11340 12870 
2160 14850
7470 14760 
7650 14760 
18180 9630
22860 990
8010 18000 
8370 17640 
12690 14310 
9270 11880 
6660 15210 
6750 15120 
8550 11970 
6840 16740 
6930 16650 
6750 16650 
6750 16830 1
7020 16110 
7200 15930 
8640 16650 
9720 14040 
9990 14040 
26010 2970
1710 20520
1440 2043
1080 19980
11700 11520 
10440 11160 
8640 13410 
11790 12240 
23130 4590 
10800 10260 
8190 15030 
10620 13500 
6300 16650 
6390 16560 
14760 11340 
23310 4320 
12510 9360
12240 9360 
12240 9180
15120 15750
4050 15930 
4140 15840 
3780 18540 
7470 14940 
7560 14850 
22320 5400
11610 13680 
21870 2160
21870 225
25560 4140
5580 18630 
6030 18540 
6120 18900 
5850 18900 
6030 18990 
5940 19080 
12510 12420 
12420 12330 
18540 10170
24390 2340
7560 14040 
7470 14040 
17640 9180
17730 9090
22950 4680 
23040 4680 
2970 15480
6840 17820 
8460 18360 
8100 18540 
5940 15480 
7200 11700
6570 15660 
4590 20790
4230 21600
2250 15300
15300 12870 
7290 16920 
8820 16470 
6210 16920 
17370 10710
23040 2070
11430 13500 
9000 16110 
9720 11790 
10440 12780 
8550 17280 
9810 13500 
11340 14850 
4500 15930 
4680 15750 
5940 18720 
9720 11700 
10440 11430 
10440 11250 
4860 16470 
10350 14490 
5850 14130 
6120 14040 
5760 14220 
11610 13050 
6750 14400 
23490 4770
13140 1791
6840 14940 
10170 10980 
8460 15030 
6120 17280 
6030 17370 
10980 13050 
6030 18090 
15840 14310
24750 3240 
24660 3330
24570 3240
5040 14940 
4770 14850 
16200 14130
16110 13950 
16020 14130 
24480 3960
24570 3690
24390 3690
13590 12330 
13410 12600 
13680 12150 
8190 13140 
23940 2520
26190 3600
9270 16380 
7380 15660 
11610 12600 
24030 477
9450 12240 
9270 11970 
24120 2520 
23850 4860
8820 10800 
4770 13140
4500 13140
4320 14040
9630 2052
10620 13770 
8100 15030 
4230 17100 
10890 12330 
5400 17280 
9990 13680 
26010 3330 
25920 3240 
3330 14490 
12960 11700 
4230 18090 
11340 10530 
11250 10530 
10080 10440 
9900 10710 
9990 10800 
9810 10710 
7650 13950 
11790 15030 
11970 15570 
11430 15570 
11340 15930 
12420 15030 
12600 14850 
13590 17550
12690 1827
12600 1818
12690 17910
9000 12780 
9630 13320 
9540 13230 
16830 12150
10620 10620 
6840 18090 
11610 12960 
6300 18990 
6300 18720 
18000 8820 
12060 12150 
14670 13320 
14850 13500 
7560 16740 
12600 12870 
12690 12960 
6210 17820 
17280 13050
8460 9810
7830 15840 
24840 4680
9630 11160 
9810 11160 
5040 18090 
5040 18270 
15210 14220 
11160 9540
9090 13320 
19350 7290
20340 693
15120 1611
5940 17280 
11880 16110 
11880 16200 
13590 17640
6030 14760 
18720 9810
11340 16200 
11070 13320 
12060 13320 
15570 13140 
7110 13320 
7920 17460 
11160 16200 
21690 6480 
5670 17910 
5670 18000 
5490 17820 
5490 18000 
6120 13320
12150 12510 
7650 14220 
21690 162
13230 10080 
6840 13320 
6480 16920 
6840 19170 
6570 19170 
11610 12240 
11970 10440 
7740 11880 
9000 11340 
10080 12060 
6480 18000 
12060 13140 
9540 12240 
8730 17550 
8640 17640 
15030 13860 
22860 4680 
7650 14310 
5220 19710 
22230 630
8370 972
8910 15660 
8550 15390 
11700 11880 
24750 4230
3690 16200 
22590 4770 
22500 4680
10530 14850 
7470 13950 
10620 11340 
10530 11160 
10620 11070 
10260 17010 
10980 16740 
8550 12330 
8550 12240 
11520 11250 
11610 11430 
10800 14490 
7650 13860 
7740 13770 
14490 14400 
12330 10890 
11970 10800 
4320 2214
2880 2151
3690 20790
7830 13230 
11610 9900 
5940 14310 
9630 2214
8100 2115
9360 2079
1170 2016
13500 14760 
13140 14490 
15930 11700
19620 7020
16200 13140 
17640 7740
23130 5310
22860 5310
22410 4860
22320 5040
22320 4860
22500 1440 
11610 10890 
11790 10890 
13950 10800 
10620 12690 
7830 13410 
6480 16650 
3240 14400 
4950 18090 
7830 21240
16380 11880
9630 13860 
24660 4320
4590 18270 
2880 19080 
2250 19260
1530 20250
15570 13860 
8460 12960 
8460 13140 
12330 13320 
25110 3420 
7380 18810 
7290 18720 
7380 12420 
7470 12600 
13860 13770 
13860 13500 
14040 13860 
14130 11160 
4410 17910 
4320 18000 
4410 18000 
23040 4770 
9090 15840 
5940 17100 
10890 11790 
10170 12600 
10080 12690 
5940 17010 
8730 16560 
11070 891
9450 19800
9540 14310 
16650 12330
21240 6570
12960 10980 
13050 11070 
13140 11160 
3060 20520
2610 19890 
7290 11880
1890 1521
2070 14850
2070 1467
6750 19800 
8010 16290 
5220 17910 
4950 17370 
4860 17190 
11970 13140 
6570 13500 
6480 13500 
22770 3780
13320 13050 
24930 3420 
25470 3690 
22680 990
6210 16830 
9900 10530 
9810 10530 
9360 9810
9540 12150 
10710 14490 
4500 18090 
4500 18180 
25110 2610
3600 1341
7920 12600 
8010 12780 
12060 14490 
11700 14670 
17370 10980 
9630 19980
21510 6480 
21510 6390 
9270 15120 
15660 15120
11790 11430 
8910 12240 
8910 12330 
7740 17820 
7830 17640 
7830 17730 
7920 17550 
11790 11070 
11700 10980 
360 1917
360 1692
7380 17370 
7200 17370 
11520 15120 
10350 18540
4230 16470 
4230 16290 
4140 16560 
23670 2250
9180 16740 
9180 16650 
9000 16650 
9090 11430 
16470 12240 
16290 12240 
16380 12420 
7290 14040 
13230 17730
13320 17640
5760 16740 
23040 1530
12870 13950 
8370 13500 
8370 13410 
23940 1530
24030 135
6390 17460 
6390 17550 
7830 15300 
10800 10980 
19530 7560
8460 12060 
9540 15030 
24120 2970
7470 14580 
7380 14670 
26190 2970
4680 13320
4860 13140
13680 1746
11790 12960 
11790 13050 
12150 16110 
10710 11160 
10620 11160 
23130 5130
14040 13500 
9000 12150 
13230 1782
23130 162
13320 14940 
11970 11700 
23580 4410 
23580 4500 
9810 10170 
8460 13590 
7920 17730 
8910 16740 
20970 6570
10890 10530 
10890 10350 
1890 20970
1800 2106
15660 12780 
15750 12600 
14130 15120 
5580 14580 
9900 11700 
6660 14670 
6660 14850 
24660 3870
6030 20160 
5670 20880
7560 12150 
22770 2700
22500 4950
12600 16470 
8280 13230 
9540 12420 
9630 13410 
8640 15840 
8640 15750 
7290 12060
12060 15030 
13590 16830
13680 16740
13950 16650
14220 16740
12060 13950 
9450 17190 
9630 16920 
9180 17100 
9090 17100 
8010 16560 
8100 16650 
7920 16560 
11250 12960 
13950 11610 
14040 11700 
25290 3330 
7650 15390 
10170 10170 
3150 14760 
6750 16920 1
7830 16290 
18360 9720
25830 3780
26010 3690
16920 12060
8550 12420 
6840 14760 
6930 14670 
3960 21600
4860 18450 
13860 13860 
22680 2160 
22860 2340 
6120 15840 
7470 18180 
16920 11430
12150 14670 
11880 14670 
20160 7380
20070 7470 
17820 8190
17910 8370 
17730 8010
17460 8010
17820 8550
3510 15570 
12060 12060 
8910 15120 
10710 13230 
10980 13320 
11790 10530 
17820 8730
20160 7290 
10890 11340 
14310 13860 
10800 14130 
13950 11250 
7020 11790
11430 13320 
11070 11430 
7650 14580 
7560 14580 
11610 12870 
7560 16920 
4320 17190 
4680 17640 
4680 17730 
9270 15840 
20340 7830
12240 11520 
4770 20610 
10080 18450
17460 10890 
12780 16650
12600 16560 
12600 16650
8010 2133
8280 18990 
16290 11700 
16470 11610
24210 1980
24030 2070 
24210 1710
24120 1620
24300 1800
9360 11430 
9270 11520 
9360 11520 
9450 16110 
7740 10710
7740 1080
8100 1026
7200 19260 
7290 18990 
4320 18810 
10530 13050 
15750 14130 
18450 9540 
12150 16470 
9720 936
9900 9540
5040 16560 
4950 16650 
5040 16380 
11970 13590 
5940 16470 
6030 16560 
7830 16020 
12510 11430 
12330 11340 
8370 15120 
11970 12690 
25470 1620
7290 16110 
10350 12690 
9720 13590 
24750 3330
13320 12690 
13320 12870 
14850 13590 
9900 11250 
13050 14310 
16110 12060 
16200 12150 
14130 11340 
14040 11430 
14220 11520 
14130 11610 
7470 18900 
7830 19170 
18360 9450 
270 1971
4860 12960
4680 13050
3060 17820 
3240 18000 
3150 17550 
22590 5310
22500 5490
15840 14400
13050 13770 
12960 13860 
13230 13680 
12240 14040 
7740 12150 
3330 17460 
3600 17190 
14670 13680 
13500 14580 
13680 14310 
13680 14670 
5940 13410 
16200 918
5490 13860 
4500 18450 
4410 18450 
23310 4410 
23130 4500 
23220 4320 
9180 13500 
9000 13680 
10890 14490 
7110 14220 
2430 15660
8730 14940 
12510 13230 
12420 13230 
17550 9000
8100 16290 
7830 12420 
9720 14940 
9720 15030 
22590 5130
22770 4950 
22950 5040 
22860 4770 
8460 11790 
4680 17820 
8550 14040 
8550 13950 
4050 17370 
4140 17460 
7560 1125
7650 11340
7740 11610
11610 10350 
11700 10350 
11700 10440 
6840 13500 
8460 15840 
4410 12960
4320 1269
10260 11610 
11250 11880 
11340 11880 
10710 12330 
10800 12330 
4950 14760 
17100 11250
18360 8460
18270 8280 
7740 13320 
12420 13410 
8190 14760 
8550 16650 
8550 16740 
8100 16830 
8190 16830 
11430 11610 
11340 13320 
14850 1647
13590 15750 
13770 15570 
12330 12510 
12330 12600 
7200 18360 
7110 18360 
6930 18270 
6840 18360 
7020 18270 
10350 11160 
25290 3870 
25200 3960 
25380 3960 
9630 12150 
9270 15210 
17550 9180
7650 1080
7650 1107
4590 16110 
8280 15210 
8280 15120 
15480 13050 
13410 11610 
9900 16020 
23400 4230
7920 14310 
8010 14310 
9090 14130 
10980 10260 
8010 17640 
11970 14850 
13680 12510 
13680 12330 
12330 15750 
12870 15570 
6480 13230 
14940 16290
15390 14400
24660 477
23940 486
16110 11520 
10440 18630
10530 18900
10440 19170
9000 14940 
8820 14940 
17730 8820
4050 16740 
8640 17460 
4590 17550 
4500 17460 
26280 342
16740 12060
16740 11970
16830 11700
16560 11700
8280 12060 
5940 14040 
12690 9450
12510 9720 
23760 2430
13950 14490 
8460 14490 
9270 16200 
22230 630
25650 1980
18000 8100 
3510 14760 
9900 12960 
21870 6570
7020 17010 
8640 11970 
4590 17010 
23130 4230 
24390 3150
24570 3060
24660 3150
22230 3690
16380 13950
16200 13860 
6120 18630 
7470 11790
8100 12870 
7740 18000 
22950 2340 
10440 13230 
9810 9270
12330 11160 
12420 11250 
7200 16020 
23400 4500 
8190 17640 
7830 12870 
7920 12780 
12780 9900 
11880 14490 
11700 14400 
7740 14130 
11160 11160 
11070 11070 
11070 11160 
10530 10440 
6120 17550 
6210 17640 
25380 153
15930 12240 
15750 12330 
8370 14400 
11070 15840 
11250 15750 
14040 11070 
12420 12600 
12510 12510 
8460 17460 
11250 14400 
11340 14400 
7920 13590 
23940 477
22950 360
22320 6120
13860 12240 
10530 12150 
6930 16200 
3240 15750 
3420 16020 
3330 16290 
3330 16740 
9090 14220 
2790 16200 
13860 13140 
2340 21150
16020 13500 
5580 15840 
5580 15570 
5490 15570 
8730 12510 
9000 17370 
8910 10980 
22500 4770
9630 14130 
11970 13230 
8820 12240 
7380 12150
4950 16560 
8640 14940 
15840 12510 
12780 10890 
12690 10800 
12510 10710 
12870 10800 
12870 10530 
7380 11430
9090 13140 
8100 14490 
8100 16560 
10710 13320 
8010 14400 
6840 16290 
8910 10710 
16290 11610 
16380 11520 
16200 11520 
9360 12600 
10260 17280 
9540 17370 
9900 18090 
10170 17460 
9180 13140 
22140 378
11160 10710 
11250 10800 
14400 13140 
4230 15210 
3960 15480 
4500 15030 
3960 15030 
4140 14850 
4050 14670 
5220 17370 
5220 17460 
11160 13140 
15210 13680 
7200 13500 
7110 13590 
12150 11610 
8100 17910 
8370 18000 
8460 17910 
7110 13500 
7560 13770 
7560 13680 
7470 13770 
7200 13680 
7200 13860 
9540 15930 
15750 13950 
15660 13950 
25290 4320
25380 4230
21870 5760
21690 5940
21690 585
6300 2205
11700 10260 
7020 14310 
23130 2520
9450 11250 
9900 17010 
16020 11790 
16200 11700 
23850 1800
8370 18630 
12240 9720 
12060 9810 
14220 14400 
5940 16380 
11430 12150 
24840 2880
24930 3060 
8280 15750 
8280 15570 
8820 15570 
7830 15030 
13500 8550
13680 837
18270 10620
18090 10530
7200 14670 
4410 17010 
25830 432
22770 1170 
7020 16830 
7110 16740 
8640 17190 
16830 12240
14850 13320 
13950 1737
5310 17820 
12060 12510 
8910 9720
9630 936
24840 4230 
24840 4140 
17460 7830
10170 12510 
9090 10260 
9270 9990
4410 16380 
4500 16470 
4500 16200 
10890 11070 
17640 8100
11790 10620 
12240 16560 
24300 1980
5310 22140
7110 16650 
7200 16830 
24930 4050 
7470 17910 
5760 18720 
18900 9540
1530 18000
7920 17820 
12330 10080 
12870 14490 
17730 9270
17820 9180
10530 12420 
13950 12330 
14130 12240 
14310 11970 
14220 11880 
3960 14580 
16560 13050 
8640 11610 
11970 12150 
12960 10620 
4140 18180 
4050 18180 
11070 10890 
11160 10890 
7470 13230 
12420 11700 
9630 12600 
6210 19170 
6030 19080 
6390 19080 
7020 13230 
4320 18270 
9180 13410 
9540 18450 
9540 18720 
24930 4590
7830 12240 
25020 3780 
15660 12600 
5310 16740 
5130 16560 
900 17370
3690 15480 
11250 9090
6390 18090 
6210 18000 
6300 18090 
7560 15570 
11430 11520 
15300 13770 
15390 13770 
15210 13860 
900 17100
10800 16020 
11430 16650 
11340 16920 
11880 17550
11700 17730
11970 18000
11430 18000
12060 17460
11790 17280
11520 17370 
12690 16830
3870 20340 
9270 15660 
25560 3960 
14220 13950 
7650 16020 
7650 16110 
10980 12960 
8550 10440 
4500 16650 
8640 15480 
22410 5220
7380 15840 
2970 14310
3060 14310
3060 14220
11790 12780 
11790 12870 
24930 3240 
8910 11430 
2790 14490
2700 14490
5220 18000 
11790 11160 
8460 15930 
10440 12150 
7200 13770 
24660 4050
12870 12870 
12870 12690 
20250 7290
20340 7380
10080 12960 
16920 11610
17010 11430
17010 11700
9450 10710 
9360 10800 
9270 10890 
3870 15840 
3960 15750 
14220 13680 
14310 13770 
7650 15570 
7740 15480 
7830 15480 
3240 15300 
3330 14940 
3330 14850 
10350 15930 
6300 15300 
6300 15570 
6210 15120 
6120 15120 
6390 15030 
6030 15300 
5850 16470 
7920 15390 
10800 11700 
8730 16740 
6480 18360 
6660 18450 
6480 18180 
6570 18090 
16740 12510
25740 3510 
22860 450 
6480 13320 
6390 13410 
7830 10800
26100 3150 
7110 13050 
7290 12870 
7470 12870 
7020 12960 
6930 13140 
10800 14940 
9810 12150 
11610 11520 
11520 11520 
4500 16020 
14310 11340 
14490 14130 
15120 15120
15480 15120
15030 15210
14310 8910
17640 10800
8100 15750 
12690 18090
9000 10980 
8190 14490 
10710 11610 
630 17370
10710 11520 
21240 6300
21330 6300
3330 18900 
10080 16290 
6840 14310 
6480 15480 
6570 15300 
6660 15390 
6660 15300 
6750 15300 
9180 19170 
22770 5130
11160 12420 
11070 12510 
2520 17640 
2880 17460 
2970 17640 
2250 18270 
2610 18540 
2970 18270 
17460 1269
17100 12960
5580 13230
5130 13230
4950 13320
5580 13590 
5490 13680
6030 19170 
10170 15480 
10170 15300 
10080 15210 
8730 16020 
8730 16110 
8820 16290 
8640 16200 
8820 16110 
8640 16020 
12780 11340 
12870 11430 
13050 11520 
12690 11340 
12780 11250 
13050 11340 
12240 13590 
12150 13410 
8910 11610 
8910 11520 
11160 10620 
5310 18090 
10980 13590 
24840 3870 
11610 13950 
11700 13860 
8460 10170
9360 12420 
3870 16560 
7200 14400 
7380 14490 
10980 14940 
8910 14040 
10350 12510 
5670 17550 
11790 13500 
22950 1170
23130 108
6930 15930 
7020 15840 
12060 9450
12420 12420 
9270 16470 
22770 4680 
11430 9720 
19530 7110
8460 11610 
7650 11700 
8100 17010 
14310 15300 
9180 14040 
24300 1170
16020 13410 
16020 13320 
12240 11610 
8100 15570 
25920 4140
14580 12420 
14580 12870 
14940 12870 
11790 18000
10890 12960 
21510 6210
8730 15930 
3240 17640 
22410 5760
2160 15660
10530 14310 
15750 13320 
15750 13500 
22590 567
22590 5580
22590 5490
12150 17910
19350 711
5220 12510
5580 1233
6300 12780
6120 12870
6030 13050
630 1953
540 19350
19710 7380 
19710 7290 
13230 11700 
25650 3240 
20880 6750
20790 6840
8550 13590 
8640 13590 
12960 10530 
16740 12600
16830 12690
15390 13950 
15300 13950 
10710 9000
6480 16380 
6480 16290 
22140 72
12780 13860 
9000 14580 
7560 14670 
22590 1530 
22680 1440 
18450 8460
4050 14760 
4680 17550 
10620 13410 
7740 15660 
8730 16200 
6030 12420
16560 12960 
11250 12690 
13140 10260 
1350 16740
1710 16560
1440 16470
4500 17820 
4590 17820 
5490 16470 
5400 16650 
5310 16470 
8100 14220 
8190 14130 
7290 17910 
2790 1422
21330 621
8730 11700 
4320 17730 
4410 17730 
11340 12420 
17910 9360
15120 12150 
10890 13950 
6750 14220 
6570 14220 
7020 15120 
7020 15030 
11340 13140 
10800 12780 
16470 13590 
22410 450
22320 360
10800 10710 
6300 17640 
5400 16200 
7290 15030 
17910 10350 
23310 5040
23490 5040
8820 17100 
5760 17370 
16200 11970 
16200 11880 
16110 11790 
4680 18360 
4770 17280 
9900 11790 
11970 15120 
12150 15210 
9990 11340 
10080 11250 
4140 17370 
18090 8370 
8100 17550 
4050 16650 
4050 16560 
24840 4320
7110 13770 
6750 15390 
12780 13770 
11250 12780 
11430 12420 
9810 18540
9900 18450
3420 21600
3600 2169
7830 13050 
9000 2070
6660 17910 
12240 14310 
12240 14130 
10800 12870 
8730 14580 
4410 17550 
11880 9810 
11970 9720 
11880 9720 
14220 14130 
8640 11790 
20340 7290
11880 11610 
11880 11700 
7290 18540 
6930 14400 
6570 19350 
12960 14040 
12690 12780 
7290 19170 
23940 4320
4950 17100 
22140 5940
22050 5940
25470 2700
22320 3600
25740 4230
8370 13050 
7650 16830 
14490 13680 
26010 3600
10890 1917
8280 16380 
10980 12150 
8550 14850 
4860 19980 
2160 2115
25650 3870
25650 4050 
3600 13860
24480 2790
2430 21420
5580 15030 
5670 14940 
8910 20610
11340 10260 
11250 10350 
11340 10440 
9000 10530 
10530 15210 
26370 3150
9990 13320 
9900 13230 
10530 11880 
10620 11970 
10530 12060 
17190 11070
13140 17550
22320 1890 
8820 13860 
4500 17280 
4500 17190 
17820 11070
18000 10890
6480 19890 
6390 19980 
10440 10710 
10440 10620 
9900 13410 
8460 16110 
11700 18360
3240 14670 
16200 11340
16290 11160
5850 17370 
8370 12510 
8100 12690 
8100 12780 
24480 2430
7290 17460 
4770 16560 
6030 17100 
11520 12600 
10620 10530 
9630 11250 
9720 11250 
9540 11250 
6750 13410 
8820 11250 
8460 15390 
10620 14580 
6480 17550 
9810 11250 
270 18720
12420 13140 
8460 16830 
24300 3060
11700 14220 
14040 10980 
3150 15930 
15120 13680 
8190 18000 
5850 16110 
5670 15930 
5760 16200 
13950 846
14220 8460
7470 18000 
11250 10980 
2880 14310
7290 13770 
17190 11250
12240 13680 
10800 13590 
10530 14220 
12690 13860 
9810 11790 
9810 11880 
10350 14940 
10440 15120 
10350 15210 
11340 18090
9270 16920 
15030 12330 
8190 20880
8280 20790
5130 19530 
4500 2196
15300 15390
22680 900
14040 14130 
13950 14220 
4680 15030 
4770 15300 
4680 15210 
4860 15210 
5130 15390 
4950 15390 
5490 15120 
23850 4500 
23940 4590
22320 1350
22410 1170
19710 7020
19800 7020
11700 13320 
11790 13410 
5040 17550 
5040 17460 
13320 16020 
13140 16020 
13050 16290
12870 16560
12870 16740
22500 2520
22500 2610
22410 297
22590 2340 
25110 3690 
11250 13590 
11160 13680 
8640 18270 
8550 18090 
8550 18180 
8730 18180 
12060 14130 
7920 16020 
8010 16020 
5580 14130 
6570 16200 
6570 15840 
7110 14940 
3150 17370 
3240 17190 
3420 17100 
7380 16650 
19800 7470 
5670 19710 
5400 19710 
6120 19710 
6390 19710 
6570 19710 
14220 15570 
9360 10440 
9540 10170 
8640 14130 
3780 16920 
9540 11700 
9630 11700 
9450 11700 
12240 13320 
6750 20070 
7290 20430
6930 20430
6840 20700
22950 2160 
2790 16020
25020 4230 
25020 4140 
25110 4050 
6930 13320 
6930 13230 
11970 12870 
5760 18000 
12060 12600 
5220 16650 
5310 16560 
11160 11340 
11160 11250
11250 11430
8280 13320
16380 13320
7920 12510
7110 12150
7200 12420
7110 12510
7200 11970
9720 16560
9630 1665
9720 16650
9810 16470
7380 1134
22770 2430
17640 8280
4680 21960
8730 11160
9000 12510
11430 11160
11250 13230
8550 16020
10440 13500
10530 13500
16650 13590
8460 13770
8280 13770
8190 14040
11250 11700
17910 10710
10170 11880
10170 11790
9900 12240
5760 17640
6300 16470
6210 16470
6120 16470
22140 2340
6840 17730
16110 14220
24480 3690
7290 15660
12420 12870
18450 1062
7200 18630
6930 18630
6840 18540
8730 16650
11700 11430
9720 13410
8730 15750
10890 13410
4320 19080
11520 11970
11520 11880
17730 8910
17730 9000
8910 17460
8820 17460
7470 11520
7560 11430
8820 972
9630 12510
15480 13770
10260 13050
7380 12780
3240 21600
2880 2169
2610 2151
12330 14040
12510 14040
7650 16920
4590 19890
9990 13230
22140 1800
22230 1710
12060 14310
9720 15390
8280 15930
8370 15930
25470 1710
25470 1800
25290 171
7290 15120
8550 16920
3780 16290
24390 2880
5490 14310
5130 14580
15390 8820
10260 13590
10350 13590
9090 16470
9090 16560
11070 11880
10260 13320
10260 13410
5130 17010
5130 16920
5220 16920
11430 12510
8280 11520
15210 12780
15390 12690
6930 13590
11700 10170
4500 15390
15570 12690
15300 15480
15480 15300
6660 12420
3870 21060
3690 21510
3870 20700
6930 15660
8820 13410
15750 13050
9180 11970
8550 17370
7110 15660
6390 12420
9270 20250
16470 12060
16560 12150
25560 3420
9000 11700
9090 11700
23850 2250
22590 5760
22680 576
13230 11880
13410 12150
6660 14310
2610 18450
4680 16920
11160 12240
18270 10350
18540 7740
18360 765
11430 14130
11520 14040
15570 12870
12960 11610
3330 17550
9630 11340
11610 14220
10620 18720
5670 14850
5580 14850
10980 14130
10890 14130
10980 12330
9360 13230
9270 13320
8460 11070
8550 10980
8460 11160
16020 13140
12420 9270
17010 792
9090 10620
18720 9090
18540 9000
20970 6840
3330 18180
3600 18270
17010 13320
10530 13590
10620 13590    
10980 9990
11160 9900
12690 13410
12600 13500
12600 13410
12600 13320
24840 4500
9180 11520
9090 11610
24840 9
24390 117
7560 17010
8280 16650
5040 17280
12060 8820
8730 13770
2970 14760
2970 14850
2970 14670
2880 14580
2790 14670
10800 13770
20070 7020
20070 6930
9900 12330
20430 7650
24120 2700
15030 14130
11520 13590
8010 15030
11610 10710
24570 423
22680 1080
8460 13410
26100 2880
5940 15750
11520 12870
9180 15930
7740 21330
14760 13590
14760 13500
9360 13590
7740 12600
4590 12960
18090 8460
8730 11970
8730 11880
12510 12690
23040 270
23040 360
11970 11610
13680 1755
7830 17910
9720 12600
12420 16650
12330 16740
6570 18180
6570 13050
11970 9630
6480 12870
5670 16470
10890 12690
7380 15120
7470 15030
12150 14400
8370 16470
10620 15210
10710 11790
17100 1098
17280 1080
10350 15120
12150 14220
3780 16200
15210 12510
15210 12690
8370 10890
8370 11250
8280 11250
8100 11250
8190 11070
8100 11070
10890 13770
10890 13680
4950 12690
4680 12690
11880 17190
11700 17100
7470 15120
2970 21240
14940 11700
5400 18810
5400 18990
5220 18630
5400 18450
5040 18540
5490 18630
7110 15480
7110 15570
7200 15570
18360 909
9360 15570
9360 15480
4950 16020
5130 16110
5040 16200
7200 18090
3690 18450
20070 7650
4500 15750
4320 15840
11340 11340
4140 20520
24210 2880
8550 16560
8640 16560
5220 18090
14760 14040
26370 342
10800 12510
12960 13320
9450 15750
10080 14940
5400 16920
5040 19710
4680 19800
10800 10080
4680 18000
11430 10800
25740 270
12780 14130
12690 14130
12870 14040
4230 18360
12510 11790
12600 11880
12780 11790
12870 11790
9000 12870
13680 13680
12330 11430
8190 17820
21600 612
23850 189
23130 198
21060 657
8460 12240
8190 15300
11430 12960
9540 13500
9540 13590
5310 16200
6120 16380
8550 17010
18720 927
17640 765
17730 7470
7380 16200
10530 11610
10440 11700
10620 10890
8640 15120
8550 15120
13320 1242
10350 1305
10440 1305
9720 1422
7200 1341
7290 1332
7380 1359
7290 1368
7470 1350
8010 1566
22230 5490
25830 3870
23310 387
23220 3960
6300 2214
17820 10440
15480 14850
1170 16470
1080 1656
22500 288
10800 17640
22230 45
22320 540
18090 8730
18180 8550
18180 8820
18360 8910
18180 8640
18270 882
18090 8550
24570 225
5490 17640
5490 17730
7830 14670
9900 14220
9990 14220
6930 17820
11520 13050
7650 16740
8910 15750
7380 18720
7470 18630
5850 16830
5850 16920
19710 7650
19260 783
4770 18540
8910 13680
11070 13230
11070 13140
8460 15660
10980 10800
7560 13320
7560 13410
9000 11430
10890 11610
21240 6390
22680 513
8910 16200
4770 17550
7740 15570
8730 17100
6570 17550
15120 13590
15030 13590
9540 16920
17910 10800
8730 17370
5670 14400
11610 10170
9720 11340
24750 441
10710 11880
5490 16920
10890 10170
22230 54
14220 13320
7380 14130
7290 14220
7470 14130
7380 14220
2610 2133
14490 14040
22680 432
22500 450
11880 10620
14130 1647
23940 180
8280 1089
8190 1098
15030 1602
14940 1575
15120 1548
6570 18360
5130 2124
4860 2097
4680 2115
5310 2151
5850 14400
4950 1350
8370 16740
8460 16740
7740 14940
9810 13140
5670 15840
11070 11970
9540 13410
16020 13770
16020 13680
8010 12150
22770 3600
9000 16920
3780 18180
7650 14040
5040 15660
5310 15660
7830 14490
7830 14580
7920 14490
24840 3150
7650 18000
8910 12510
8820 17370
17730 774
17820 783
17730 783
9720 17640
9270 17550
22950 144
25200 288
25290 2970
25200 279
25380 288
6390 13320
11250 16020
23130 279
22860 1800
22950 1890
6660 15660
22230 5040
9720 16830
9720 16740
23040 4320
23130 4320
25920 4320
14400 13590
8910 10620
16560 1071
16020 1053
7290 1251
990 1953
16290 1026
25020 3060
25020 3150
13950 11790
7920 13050
9180 18900
990 17910
8190 14220
8280 14130
13680 17190
26460 2700
13230 11430
22410 3510
25470 2070
25380 1890
12870 15120
21960 6300
21870 6210
22050 6300
22050 6210
13140 9270
20700 7560
20430 729
15390 1566
15390 157
5580 16830
8460 12600
3510 14580
24030 234
4230 16740
6300 17910
6390 17910
9630 12060
9630 11970
9720 11970
10800 14400
16380 13590
16380 1350
12150 1827
8100 17190
11970 13050
19890 7290
14400 11070
14220 11160
14220 11070
14490 10980
7920 11970
9450 16650
9540 16650
16110 1458
10530 12780
9180 15660
6750 13770
26100 333
25380 3510
25380 3600
6660 15120
6660 16560
7380 15930
7290 15930
13320 12510
8550 12150
8640 12150
8730 12060
8640 12060
6030 14310
6030 14490
9990 12690
7020 19710
10800 10440
24660 378
24750 3780
24750 3690
8100 14760
8010 14670
8010 14760
26280 324
23580 2520
11790 14580
14130 8370
4320 16920
4320 17010
14220 17100
9810 9180
10890 10980
7920 15480
10620 14940
12510 11340
12150 9360
12330 11610
6300 12960
16740 12870
23310 5220
9990 11250
10080 11160
12690 13770
11160 12690
2340 21420
22410 1710
8460 12420
24210 3060
14130 14220
14040 14310
9180 10440
16470 13230
9090 12510
11250 13140
9900 15300
4590 15570
18180 1044
11250 10080
8190 15390
10710 10890
1260 16470
990 16650
9000 13500
4770 17640
14400 13950
14490 13860
9450 13500
8820 12510
17910 792
25380 3060
25470 3150
22860 1980
22050 6120
25380 3420
11160 15210
9630 17910
9540 17820
9270 17820
9000 18000
8910 18090
3960 22230
25920 1800
26010 1710
5850 15210
5670 15300
5850 15390
5940 15120
5850 19260
5580 19080
5760 19440
24120 4230
12690 14490
6930 16470
3060 18000
10530 11430
10620 11430
16200 13230
15300 13410
15210 13320
15210 13410
8910 17100
9090 16110
9090 16020
11250 14670
11340 14670
11070 14580
10980 14670
3150 16830
17730 8280
10260 14310
10170 14310
8010 13230
17370 12240
17010 12240
14220 8280
10350 11970
11700 12150
9000 11250
23490 4320
12060 11880
12150 11880
11970 11970
8010 17730
8550 11700
11790 11610
7380 13860
7200 18900
13860 12060
18540 8640
9270 18810
9990 10980
9900 11070
10080 10980
9900 10980
10080 10890
3960 17280
12510 12240
12510 12330
9630 11430
9450 15660
15210 13140
22500 1170
2880 14040
11880 10260
23310 4590
8820 11340
6210 14310
6120 14400
6120 14490
11880 12510
5220 17550
5130 17550
6030 16740
6030 16650
7650 16200
5130 18000
10260 1179
8010 15750
8010 15840
14670 1494
14670 1548
14670 1467
9720 9090
6120 20880
5940 21060
1440 19620
2070 19800
1260 19980
1350 19350
6210 12330
2970 16560
8640 14220
4320 18540
9270 12600
9000 12960
9810 19890
26100 3690
26010 3960
26010 3870
8010 21150
8910 19620
8010 20340
8100 20160
10530 1566
16020 1242
16200 1242
5580 16650
5580 16740
11070 1782
10980 1800
7380 21150
4140 17190
6840 15300
6390 17010
11250 1206
4770 18180
8820 15480
19710 7200
12330 1197
9360 11880
9360 11970
14670 11610
14490 11520
9900 13500
9720 10980
5760 17820
6660 19080
6840 18900
25110 351
25110 3600
25020 3510
18000 8370
10980 11430
11430 13230
23940 2070
25200 3690
8280 15300
8370 15300
8190 12960
8190 13050
11970 14490
11070 10980
8280 15660
24480 2070
11160 10800
14310 13680
20880 6930
11160 12780
4410 17280
10260 15300
10440 15480
12960 16650
7470 16470
7560 16560
7650 16560
3870 17010
4500 22050
17910 10620
22140 2250
7380 12870
10350 13500
8550 17460
8550 17550
25650 3420
16830 13320
16740 13410
16920 13410
16740 13590
12510 12600
12600 12600
7560 15120
5220 18900
5220 19260
15570 15030
24030 1710
24660 3060
25200 2970
26280 3330
12690 13680
9090 18180
9180 18000
9900 10890
5130 17640
14760 11610
5760 19800
3690 18720
3690 18540
3510 16740
3600 16830
3510 16830
13680 14940
14040 9090
6390 14580
8550 19710
18000 10350
18090 10260
18090 10350
4140 17910
8370 17460
7380 16470
7380 16380
7560 18180
7560 18360
7380 18450
9900 19170
10170 18900
9720 19350
10350 18900
7380 19260
7290 19350
4140 17010
8280 17010
8190 17010
9090 15660
9000 15660
16560 1314
15030 13950
21510 6570
23130 5400
22950 3240
18630 10080
18450 9900
8730 10350
7560 12060
2520 17100
2430 16740
17820 8910
17910 8910
8730 13950
25830 3330
7020 18360
6930 18450
9090 17370
9180 17370
1710 18090
1800 17910
1890 18270
1980 18090
1890 17820
5040 17820
7380 15300
7290 15390
7380 15390
8550 13050
13680 1332
6480 13140
5580 16020
5670 16110
6300 14400
6390 14310
6480 14310
8010 10620
12150 1629
12330 1620
11880 9540
11790 9540
4860 21420
4590 21780
23580 4860
25920 2970
25740 2790
8280 16290
8190 16200
14310 1485
14220 1476
7740 16380
7740 16290
5040 13410
15750 10710
2160 18900
