4161
0 22500 0
27000 22500 0
0 0 0
27000 0 0
6840 16920 1041
5130 12510 0
12240 18360 0
11250 12870 877
8640 9810 0
15120 9720 27
9540 14490 441
4500 18810 261
4680 17190 687
6120 17910 941
8820 17550 297
6300 18270 690
8370 16020 981
7560 16290 610
8190 15750 930
14490 13500 350
25470 3420 309
4590 19440 193
16200 14760 0
25470 4410 0
15840 13050 300
3330 18720 200
3960 17010 584
3150 13680 0
9540 13680 697
9000 14490 464
6210 15300 381
24300 4140 0
8550 13410 265
10530 10530 489
8010 16740 761
17010 11970 9
23040 4590 256
11070 10710 237
12330 11880 601
22320 4500 0
6300 17190 711
6120 16560 963
12150 13680 400
8910 16650 676
11070 10440 195
9810 17100 261
25830 2610 6
25650 3510 252
10350 11250 316
9450 12330 532
3870 16470 290
13230 12420 292
9360 18270 137
22680 5220 28
25200 3060 190
25830 3420 185
13590 10890 156
9990 10350 164
10620 10350 367
5130 17460 583
7740 16830 639
3150 14670 208
5760 17280 838
25920 4860 0
6480 18990 339
11070 13950 611
10620 15390 257
22860 2070 166
23040 3870 5
10710 10980 440
14220 11340 346
14670 11880 144
23490 2340 10
8820 16020 587
8820 15660 862
10440 11970 694
9990 12870 523
10530 13410 838
7830 13320 382
8010 12960 183
7740 14490 408
7650 15120 678
8100 14310 556
9270 15300 503
22230 2520 0
10980 11340 363
10170 13590 606
11070 10260 162
20880 1890 0
9990 13410 753
10710 13590 613
9990 12150 470
10170 11700 563
19800 7380 172
20070 7920 0
19350 7560 2
19980 6750 0
14490 10800 90
18000 8730 154
9000 15750 695
9000 16020 516
20070 7290 142
23130 4950 162
16110 11970 209
23310 1800 -2
22500 1800 143
4860 16020 489
3600 15030 125
26100 2610 0
6030 17010 709
5490 16740 868
14220 14220 156
22770 1260 133
24930 4230 150
24480 4410 0
18000 8280 151
18360 7470 0
3780 17460 332
3780 17010 443
3600 16380 217
7200 13590 205
7470 13320 354
12960 8640 0
10440 13590 739
11250 13320 617
16650 13050 150
17190 13590 0
12150 12600 690
11610 13140 775
11880 12870 567
5310 17100 852
21600 6390 141
20520 7020 3
7920 14670 487
12150 11700 420
11880 12240 774
11520 12240 588
11340 11700 587
11610 11970 532
11700 12510 731
6300 16830 768
12780 13410 455
12420 12960 461
21150 1170 0
6840 17640 834
6570 17460 1005
6660 18000 593
3060 14940 80
22770 450 121
3060 14580 172
8370 17010 714
7470 17370 572
8730 16830 515
7020 17730 719
7470 19980 120
7200 18450 361
10710 13770 556
10440 13680 720
18000 10440 142
16650 11520 32
11790 14130 478
11700 13590 499
12150 12060 553
9180 11880 282
10710 11340 481
25020 3690 277
24750 3420 54
22140 450 0
7830 15390 645
23580 4950 11
18000 9630 32
22950 2430 121
4590 17730 420
8820 12150 361
8100 17100 558
9180 15570 619
24120 2430 128
24750 2790 27
12060 16290 116
10170 10800 352
10170 11070 275
8010 15930 948
9450 12600 446
8640 13320 395
10980 13500 726
9270 16830 399
8820 12330 260
8640 12600 385
8730 12330 244
13500 13500 287
8370 16830 762
8640 16740 573
8730 16470 739
10620 10170 239
3690 17010 386
22590 6030 0
9810 12330 571
10440 13950 633
9990 13860 534
10710 14130 470
12420 12510 483
14760 13140 200
8370 15030 733
8280 14670 530
24930 4410 105
23220 450 0
12240 12240 641
9900 20250 0
12060 10530 267
11610 11250 359
26100 3240 103
22770 360 103
6480 16740 900
6840 15390 402
7380 14760 522
7020 14850 338
7110 14400 410
6660 14400 223
15570 12420 129
4050 18090 396
11070 11790 519
17100 8730 12
19620 7200 101
8640 13050 292
8550 13320 378
8370 13320 256
10800 13140 733
11250 11250 450
21510 6120 0
21960 6030 110
9180 16470 543
9180 16290 441
7740 16110 638
8550 12510 344
8190 11970 222
7830 12690 144
23940 2700 8
5760 16830 911
17820 8010 101
22140 1530 0
22230 1980 129
1620 20700 0
17820 11160 14
4410 17640 508
6930 15120 464
15750 11790 92
16200 11610 166
6390 12960 94
6840 12240 31
25110 3330 128
22230 360 0
10890 9990 119
9270 14130 475
9000 13860 515
8640 14040 365
3510 17010 300
9000 16830 547
10980 13230 779
12780 11610 353
13320 11520 250
24930 3150 171
10440 10170 231
25920 3960 6
13770 11880 223
2880 15030 70
2970 14580 142
2790 13680 0
9180 11430 317
9450 11520 276
9990 10890 234
9810 11970 513
9810 12060 429
9000 11610 217
9270 11160 185
9090 11340 297
9720 12060 430
12330 13770 370
7200 14940 419
12330 11700 513
12240 11430 352
20250 7560 88
20880 7020 10
21240 6480 92
8820 11520 187
17100 8100 0
10710 12690 817
10890 12510 854
10620 12330 675
10710 12060 731
11070 14130 557
16110 13770 236
16200 13410 117
15390 13320 328
15480 13950 116
15120 13950 243
14940 13590 320
18450 8550 36
11340 12060 644
24480 2880 109
7740 15750 713
12060 13230 565
14130 16110 110
14940 14310 99
15030 16560 0
8370 15390 743
24300 2610 30
3420 14580 175
3780 14670 95
5310 16380 630
22860 5490 0
11340 10980 379
8640 15930 733
8550 15750 874
2070 18630 106
26280 2610 0
9450 16200 480
9360 16290 412
9360 16020 435
9360 15660 555
9450 16020 416
22500 4860 94
8550 15930 904
14130 11070 304
17820 10080 34
17820 10620 138
23760 4500 148
22770 270 79
24660 4500 0
5760 17910 880
5130 17910 514
4410 15480 250
14130 11700 324
8280 12150 176
26190 3240 78
8550 16110 801
7560 17190 672
6840 16110 720
7470 15840 535
6480 18090 737
6480 17910 742
15210 13590 220
9450 13320 519
9720 13140 622
14220 13860 320
14670 13860 191
4140 16830 562
4320 16650 410
4140 17280 472
7290 16560 704
7470 16920 783
16020 11340 68
9990 12600 577
11520 12690 708
7560 13860 270
22770 630 50
6300 17730 893
9540 10890 255
22320 270 0
1620 17370 73
10440 12600 636
10620 12870 760
5580 18900 381
5310 18180 632
6300 15840 551
12780 12150 374
12870 11250 361
4590 18180 434
4500 17910 390
14580 11340 189
6840 16380 755
9990 11160 344
8010 13950 419
8190 13680 422
16470 13950 34
16380 13680 168
16470 13500 69
6300 17550 904
6120 17460 787
6030 17640 933
8910 15390 764
8640 15390 828
10800 13320 769
8640 15030 620
10620 13050 706
8100 12330 240
8100 12150 141
8010 12330 231
25200 4500 0
24930 4500 81
23220 5220 75
21690 6570 74
21780 6840 0
26280 2880 0
22410 2340 129
10440 14220 531
19260 7290 0
24570 4050 20
8820 15840 793
9360 16200 488
24120 4410 0
4860 18180 440
8820 15120 665
7020 13770 272
7020 13950 232
24660 2430 16
23940 1890 107
24480 1530 0
23760 1530 0
23040 1350 14
25020 2790 44
3330 14310 55
5040 21330 71
5310 20160 121
6660 16200 754
16470 13680 122
8460 14850 642
24660 4590 0
23760 4770 74
8370 16380 818
8010 16200 889
7920 16380 722
8010 16380 830
8460 16290 875
11790 10710 244
11520 10710 320
6750 21420 0
20250 7740 67
1530 15930 0
2880 16740 126
2700 14760 41
4230 18180 328
7650 13320 303
7740 13230 348
9180 15750 545
23130 270 0
7110 15120 453
7110 12690 101
7110 13230 267
6930 13410 163
9360 11790 369
22320 5220 31
22410 5400 88
10530 11070 445
7290 18090 495
23220 2700 12
22680 2610 90
5490 16290 684
25560 1800 66
16470 11970 66
16650 12150 139
16380 12060 100
16020 12240 199
23490 5220 0
7650 13500 368
5040 18360 488
7920 14130 478
6840 13590 234
4410 17190 651
8460 17280 534
8190 17460 444
18540 9180 86
18990 9090 5
18000 10800 95
18360 11070 0
8910 17010 417
11880 14940 280
13770 14220 260
14040 14040 202
13860 14940 134
12150 14130 419
12780 14220 275
9000 10890 134
8910 11160 245
8730 11340 151
8820 11160 226
2880 14220 16
9810 15570 385
18090 10080 51
18360 9900 101
9270 16110 505
16740 12330 48
8460 13230 329
9090 16920 469
11520 12960 834
7470 14490 362
5940 17190 712
10440 11520 462
10620 11610 578
10890 13860 643
8100 15300 751
6840 14220 301
9450 13050 551
9090 10530 166
9540 14040 555
9000 14130 434
4140 17100 567
7380 15570 582
7200 15750 491
24390 3240 11
11430 13590 617
11430 13410 553
22410 540 82
21690 1980 10
11880 11520 459
11520 11610 451
19980 7650 24
9720 16020 369
24840 3780 225
16200 14310 30
15930 14130 179
15570 14220 83
10710 10710 474
10350 10800 454
24660 3690 96
11880 11160 382
9810 16650 357
9630 16740 305
13860 11340 242
17730 8730 54
17640 9000 105
8640 13500 372
8550 13500 259
14040 10890 216
14310 10620 84
20790 6570 0
20970 6750 91
6570 17280 1004
6480 17010 835
3870 16110 289
12600 10980 265
18270 9000 58
12600 11520 409
16560 12420 154
10170 13410 726
10440 13320 827
10260 13140 637
9450 15390 519
11970 12510 772
14940 11340 104
11970 13770 494
22320 810 0
6570 16650 918
8730 13860 350
4680 17370 654
13140 15480 181
4950 16290 588
5040 16470 590
16020 14400 44
13950 13320 309
7470 15300 556
23040 4230 77
23220 4230 135
23490 4230 47
6930 19440 186
20520 7560 0
20340 7740 56
10800 13950 514
10800 14760 343
10530 14670 441
10170 15030 325
11070 14850 384
16110 13140 274
25380 2160 4
23130 2160 43
9450 15210 450
5580 17190 794
11880 10530 212
11520 10350 252
11790 10440 189
11970 10170 223
11790 10260 173
11520 10170 222
11790 10170 164
11790 9900 125
25830 1530 0
12510 13320 441
24120 1530 52
9810 13410 739
9810 13590 727
6840 13860 211
10080 10080 122
7830 12060 112
7920 11880 190
7830 12330 207
8640 11250 136
8820 11070 213
9000 10710 115
7650 11970 89
7740 11790 152
8640 10620 130
23220 5310 68
7560 13140 242
7740 13050 276
6660 16920 1000
11250 13050 824
6840 15750 510
9540 11790 347
20250 7920 1
3690 18180 250
3960 18180 359
3420 17730 263
7740 14220 370
10170 11970 611
11340 14040 504
11610 13770 565
5040 21690 51
11340 9900 167
18450 8280 77
8640 17010 566
1260 17100 50
1440 18900 77
7650 12960 251
9270 12690 463
6120 16650 958
6300 16740 814
8190 14580 580
22500 1260 118
5400 16830 793
5490 17010 868
8730 18810 184
7740 18270 341
7380 13950 328
7290 14130 290
22500 5220 78
9270 20430 54
9540 11160 222
7920 15840 804
900 20250 0
22860 900 90
17640 7830 48
26280 3150 48
12780 13680 347
12780 13950 361
13230 14040 259
12600 13950 323
12600 13770 397
12690 13590 371
6570 15210 375
6750 15030 407
18180 10170 74
8280 10980 74
7920 11250 112
7470 11340 0
7830 11160 92
7560 11790 114
8460 10440 97
8820 10530 91
17820 8820 68
24660 2970 78
8730 14130 435
8550 14220 425
11160 11700 478
24840 4590 47
5490 16830 821
18090 8910 119
23400 4590 138
25830 3150 172
13230 10890 238
1170 16380 0
990 19080 61
9270 15030 525
23850 4410 115
25650 4140 80
25650 3780 116
25740 4320 0
25200 4230 58
25470 3960 147
6660 17460 994
24030 4680 0
24210 180 0
22770 4590 117
22950 4770 222
16380 13050 165
16290 13230 193
8190 14670 565
11700 12420 760
17370 10890 128
17010 10980 34
17280 11160 37
9090 12330 422
8910 12420 322
9090 12060 383
6480 21780 0
15120 12870 226
15480 12870 190
26280 3600 0
9360 12060 379
9540 12060 450
9180 12240 453
17550 10710 73
10350 16560 254
7380 13140 286
7470 12960 183
7650 16650 681
10260 9360 45
10350 9810 94
9180 17280 367
12510 13590 433
23400 4410 152
7200 14760 388
7290 14670 461
15030 12600 156
10080 11430 409
9900 11610 465
9810 11340 298
12330 14580 322
7470 17550 585
10980 11880 630
10980 13950 623
22950 2880 89
17010 13050 63
7650 14670 441
9270 16020 455
25200 1710 0
6750 14130 261
7020 17910 661
5580 17730 748
5310 17550 701
5310 17370 666
7830 15930 774
7920 15930 816
17370 12510 2
9360 12510 454
5130 17730 585
4860 17550 506
12150 13860 451
9990 9090 0
720 19980 0
810 19170 51
13050 17820 45
13320 17910 0
13680 9720 90
7470 12060 122
7650 17550 501
14400 11790 191
14130 12780 212
14400 13320 262
9990 11880 503
17820 7560 0
8280 10260 43
900 17730 43
4950 17820 530
17910 9000 64
5130 16830 763
5760 18270 655
8100 13140 283
8280 13140 248
8460 12870 254
8370 12690 302
8280 13050 283
8280 12870 225
14130 14670 175
14130 14940 115
4050 17100 594
25290 3240 184
8820 13950 420
9360 12870 465
10080 11790 575
9990 11970 534
8100 10080 0
3780 17640 362
8550 14490 472
7470 11880 65
12330 13500 462
7920 14940 642
8190 14850 584
7830 15210 699
5940 18270 708
4140 21780 0
2520 21060 47
4950 21780 45
8730 14490 510
10800 13680 593
7650 18810 230
5040 17190 706
22230 2340 84
11160 13230 676
23040 3150 4
22860 3060 46
5850 18090 753
8100 15390 737
14310 13950 294
2250 21240 0
3960 17100 577
5580 19440 226
12060 9630 142
11790 9720 107
6570 17100 914
6210 16650 929
24480 2340 84
24300 2160 37
24660 2160 15
6210 17460 781
4320 18360 353
4140 18270 313
6570 19440 237
6570 20160 97
7110 16200 642
5310 17910 653
4230 18450 334
9090 15030 532
8820 15030 629
11880 12060 629
11880 11790 452
11700 11700 501
10170 11250 377
18360 10350 22
24660 4680 0
10710 12150 692
7020 15210 476
7110 15300 461
18090 9000 101
3600 14670 94
3420 14490 154
3600 14580 83
6840 15210 461
2700 18090 141
6210 17910 931
7740 15840 674
7380 15210 558
7740 17460 552
13230 17280 27
13950 17010 57
5760 16650 905
9360 13500 585
20340 7110 14
630 19890 0
16470 11430 83
23040 5490 6
7110 17010 849
7110 16920 903
10710 15030 349
9270 11610 304
8370 17370 444
8730 11610 238
8460 11970 269
8640 11880 230
8820 11790 293
8550 11790 206
24030 4320 25
16650 12690 85
5490 17370 703
5580 17550 803
4320 21870 0
4140 17730 401
4230 17910 434
810 16650 0
9450 11880 400
14130 11790 279
14130 11970 190
8640 14670 525
26370 2790 0
7920 18180 369
5490 15390 373
5400 14670 184
6480 14220 189
6300 14310 232
6480 14580 252
5850 15570 407
25740 2160 0
25740 1890 59
5850 17100 759
5760 17100 862
9000 16290 513
8910 16470 667
18810 9540 45
23670 1890 21
11340 15120 312
7470 11700 81
8910 15930 617
17730 9540 32
10710 10530 437
12060 16650 136
6120 16830 783
7380 17460 640
16470 12960 181
9630 12420 560
9630 12330 568
8460 16560 766
22050 6390 0
3060 14400 131
9090 17460 286
9270 17370 320
5130 17280 714
5040 21870 37
630 19080 37
10260 11340 400
5040 17010 769
9810 14400 432
11250 10620 293
21330 6750 18
8910 15570 809
8010 17010 629
7830 17100 583
10890 15030 308
9090 12600 449
9090 12420 393
9810 16830 282
22770 3240 2
13320 10620 168
6660 16830 1016
10800 11790 584
7830 13950 412
14670 15660 93
4770 18090 468
25560 3240 242
25650 2880 67
25650 3330 269
18000 7830 31
18270 8100 104
8190 16470 843
22950 2610 72
17550 9360 63
16920 9450 15
4410 17100 649
4230 16920 545
25830 2070 0
25830 1800 42
3780 18810 253
3870 18450 262
17460 8910 38
11700 10620 287
7740 15930 698
6930 17190 943
6660 17100 1010
6840 17280 905
8820 11970 291
9000 11970 354
11790 13140 646
10890 17550 116
7560 15930 605
7470 16020 560
6390 16920 766
16470 13140 136
9990 18540 60
10890 18450 74
5220 16740 707
11520 11160 401
11700 11160 341
20880 6840 63
11250 11790 609
11160 11790 514
12240 12420 595
12510 12150 473
12330 12060 610
12960 13590 385
12870 13770 327
9360 14850 462
11160 11970 602
10980 12060 715
11160 12060 633
2430 21330 35
3150 14850 97
3330 14760 197
3420 14850 126
10980 10350 200
7020 14580 324
22410 5670 29
3420 14400 99
24750 3870 122
15120 13500 277
11160 10980 309
10980 10980 314
8100 16020 976
9360 10980 177
7290 12600 93
8460 14670 562
8010 10800 38
8370 14040 433
8640 13860 331
4050 17010 609
6660 15570 495
11520 13230 734
11700 13230 702
11340 13230 657
11430 13050 820
12150 12240 640
12060 12420 744
16830 12060 40
16740 12150 122
8190 15210 711
9360 20520 34
17370 10800 94
17280 10530 31
10800 12420 823
8370 11880 248
9540 12510 469
10530 11790 602
10170 14400 500
8820 17190 444
9000 17280 339
23040 1710 30
22860 1710 117
22950 1980 147
23130 1890 36
16650 12510 128
16920 12510 30
11250 12150 670
11070 12150 681
9180 15120 555
9090 15210 572
12960 14130 308
12960 14310 253
6300 14040 169
11610 13320 669
11070 12690 832
11160 12600 822
3780 15660 189
3690 16020 243
22500 720 59
22500 990 47
22860 4410 121
12150 12690 673
12150 12870 539
12330 12870 494
12330 12690 575
8460 16020 950
10350 13860 654
8190 16740 740
13680 9000 42
8280 13500 372
9000 13410 457
9180 13230 433
9270 13050 496
9180 12780 428
8820 13230 410
9000 13140 376
18630 8460 22
3870 17820 336
23940 2340 63
24030 2250 106
22320 3690 33
22680 4140 11
11070 13050 831
10800 13050 724
10890 12870 818
7020 14400 394
10620 17910 129
12420 13050 495
23760 3960 3
23850 4230 22
7380 13410 337
10530 14130 566
7740 16560 662
13680 12960 267
10440 12060 708
10440 12240 615
10260 12420 560
5580 18270 664
5490 18090 723
5670 18090 774
10530 12960 690
10530 12870 743
10260 12960 586
25740 3600 183
14220 13410 297
14220 13500 335
10080 20610 0
10530 19530 0
11250 12240 661
10440 13410 830
15750 13590 234
15930 13320 189
15840 13860 168
2250 21420 0
12420 12780 502
16650 13680 52
16650 13320 70
22770 180 32
9990 13140 606
10170 13320 730
23670 4950 5
10800 9630 74
11790 9630 94
8820 12690 424
8910 12870 354
8730 12870 317
8640 12690 388
8910 13140 355
12870 10350 202
14490 16740 0
14220 17010 38
13860 17280 0
13500 17370 49
19800 7200 140
11790 13230 636
15840 13500 249
7560 12870 200
21780 6660 0
4320 21960 0
10260 12060 644
10260 12240 546
13770 11520 269
10350 12870 659
10260 12780 598
4050 16830 561
3960 16650 393
4140 16650 436
4050 16470 323
7020 15480 476
11160 11430 410
11340 11520 501
25200 4680 0
9540 15300 465
16920 13140 94
13320 16290 78
23220 5400 34
11070 13770 681
12240 12960 494
15210 15390 26
11340 13410 570
11250 13500 651
10530 10620 510
9540 11430 304
7200 16380 704
22140 6120 86
25380 3150 185
7740 11070 50
6750 13680 191
8550 13860 386
24390 2970 98
21780 6120 119
8460 13500 266
8370 13590 366
9540 15570 456
9540 15750 493
7920 11610 126
8190 11520 181
8460 11520 159
22410 180 0
25200 3420 177
25290 3600 285
6390 17820 848
8820 15750 858
7110 13680 269
7650 17010 686
10890 10710 325
10800 10890 421
8190 13230 257
23580 4590 161
26010 2790 27
24120 1080 0
24210 1260 42
13230 11070 279
13500 11160 191
5760 15120 285
6030 14940 309
12780 12600 377
9990 12330 543
8550 11430 183
8370 11430 137
13320 14310 219
21780 6030 88
21960 5850 40
22140 5760 106
22050 5670 84
22140 5310 0
22320 5940 29
4500 14760 178
4680 14310 102
4950 15030 223
3510 14310 57
4770 17010 701
4860 17100 738
4590 17100 641
5220 17820 589
3960 17640 404
10620 11790 626
21330 6570 101
26100 3420 55
18360 9540 110
18180 9180 45
3330 19620 149
4410 17370 564
18810 8010 15
18630 7740 48
24570 2610 22
8550 13230 374
6840 17190 980
11700 12060 583
23040 630 8
23040 450 54
10530 13320 839
12510 16290 132
12420 16470 94
24840 3600 131
7110 18540 383
4320 16830 474
6750 17190 987
12240 12060 611
13590 13320 312
13320 13320 321
13230 13140 362
540 19620 0
720 17550 33
10260 13500 681
8910 15840 731
7020 15660 463
10800 11520 516
10980 11520 430
25020 2970 146
15030 13410 287
4950 13050 58
9090 11160 244
9180 11070 178
6480 17370 936
12690 11160 292
8190 17190 549
9090 16200 507
6660 17280 1000
6840 14580 271
11340 12510 700
11520 12420 648
5400 21870 29
10260 12600 608
11250 13410 605
14670 8730 0
22230 3510 0
7110 17460 721
7110 17280 819
7290 17190 733
13140 16920 78
12870 16830 59
17280 10980 115
630 16740 0
540 18720 31
16290 12960 184
2880 17190 171
3240 17100 212
9090 9900 68
9270 9630 0
8910 10350 119
8640 10350 61
9540 9630 51
7650 15480 653
7650 15300 616
8820 12600 418
9810 10890 271
9630 11070 274
2610 15930 51
2880 15840 113
4230 16110 333
4590 16290 434
4680 16650 523
4140 16200 355
4860 16560 586
15930 11880 122
10260 11070 289
8010 15120 668
3870 17280 426
3960 17370 394
6930 15570 451
22050 6030 109
9900 13770 573
9270 18540 165
10080 12330 518
12420 13950 387
12510 13860 348
4770 18270 423
10980 13770 684
18000 8460 124
14400 14040 222
14580 14130 148
25020 3960 170
24840 3960 179
1890 20880 34
21690 6210 85
21780 6300 103
8730 13410 420
8460 11340 161
14400 13770 282
4950 18270 492
13950 10980 242
13860 11070 203
9090 12240 437
7650 17640 512
7740 17550 484
6930 16920 967
5310 16830 755
9540 15480 487
8730 17280 411
14400 14760 136
8820 16650 686
8820 16560 724
11520 14310 429
18270 7830 28
23220 2430 30
8550 15570 809
8730 15570 873
8640 15660 839
6660 17550 957
6480 17730 849
6390 17640 913
8370 16560 808
22140 5670 98
14940 13770 238
15030 13680 284
24570 3510 35
12240 18180 42
12780 17100 85
12960 17010 50
6030 15660 487
4950 15660 370
22320 1620 97
14400 16920 0
14130 17100 32
9360 16110 489
22410 5040 35
22500 5130 75
8820 13680 416
10260 14040 575
18540 9720 52
18450 10170 57
16110 12870 249
15930 12510 237
16380 12600 162
6120 14760 259
21870 5850 20
19170 9180 4
22770 1530 93
22500 1620 142
22950 1530 81
13770 17100 29
5760 17730 859
5670 17640 799
8820 14040 400
6210 18540 539
5940 18360 662
6300 18540 556
5040 17370 644
9630 11880 424
9810 11700 420
9540 11880 384
2610 15750 76
22410 990 20
22230 1440 54
22140 1350 0
16020 12060 207
15930 11970 136
11070 14400 465
10890 14310 496
10710 14310 427
11250 14130 533
10890 11250 365
15390 14130 112
10080 11880 536
7560 15210 644
20700 6930 6
10530 12690 681
25110 4590 0
9360 15840 468
24210 1170 27
4590 17370 651
7290 18630 305
13500 17190 55
10620 14490 461
10710 14400 413
10890 14400 471
16110 13680 240
16200 13500 120
8460 17100 648
11700 8910 36
11520 9450 68
11340 8640 0
11880 9270 58
17550 10530 49
17910 10440 147
25560 1710 62
14490 14940 96
11700 10710 296
11790 18270 26
13050 10800 209
5490 15930 533
5130 16290 568
5310 16110 581
12690 16020 123
6570 12960 143
6750 13320 147
6750 13500 207
6660 13590 170
8820 14580 521
9810 12510 542
11250 11610 516
4230 14490 125
10620 12600 757
18450 10350 16
9630 13680 710
9630 13590 715
15030 13140 222
5400 17100 870
7650 15030 657
7380 14940 510
7560 15030 645
8010 17280 507
17820 10800 106
17640 10980 47
25470 2520 8
25380 2700 36
9810 15930 386
9450 16560 365
9450 16380 378
9540 16290 443
9540 16560 335
8730 13680 410
8640 13770 327
15930 12690 228
15750 12960 291
8370 17100 666
9990 15030 382
10080 14850 350
9720 15210 396
25020 4320 123
12420 16110 149
8010 13500 376
8100 13410 375
7290 15840 540
7380 15750 513
13050 14220 281
9000 13320 456
10620 12960 707
7380 13230 329
23040 180 0
12600 12780 445
14220 8550 26
14310 13590 345
9990 15840 330
25110 3780 258
10710 13500 706
10800 13500 665
10260 14760 418
10440 14760 392
11700 11790 477
15390 13230 328
15300 12960 211
15210 13050 259
11880 13050 624
12060 12960 536
12060 13050 578
8370 19710 98
4680 16200 478
22680 1170 130
22230 5580 69
21960 5670 39
11430 13950 550
11250 13860 584
11790 13680 531
11970 13500 464
6300 19350 229
8190 11340 150
8280 11340 124
8640 12510 365
10620 10800 486
6120 18180 734
6120 16740 896
5850 16740 936
6750 17730 810
6300 16200 731
6210 16560 962
6390 16380 841
6120 16200 739
5850 15840 515
7740 16740 672
5310 17010 845
14130 13680 291
15390 13590 250
14400 8370 0
16380 13410 86
19980 7380 154
9990 13500 735
9990 14580 438
9900 14670 386
14400 10890 124
14490 11250 225
14670 11250 135
6030 14220 198
5580 13770 106
9180 18360 182
8910 17820 234
8820 18000 264
8460 17550 355
8640 17370 436
9540 13860 601
9360 13860 602
9360 13770 630
22320 6210 25
7830 16830 640
11790 12060 631
19710 7560 72
19620 7290 120
19440 7470 15
19890 7740 10
5220 16470 658
13950 17280 0
18180 10890 24
8100 12060 196
6390 21960 0
5310 21960 26
25920 1980 6
8370 16110 965
3060 14670 172
23040 900 35
23220 990 0
4860 17640 480
9990 18720 78
10260 18720 40
9450 18990 95
8730 19890 112
8460 19890 84
9540 20160 61
3060 14850 86
8640 16920 593
17820 10260 51
9360 16740 404
14490 16560 51
14760 16560 0
8640 10080 55
10530 12600 672
6570 17820 758
9450 13950 554
14760 16380 43
22050 1980 65
22140 2160 101
8910 14130 410
9270 12060 356
15570 13320 306
15660 13230 276
15570 13050 281
23040 5580 0
11340 18720 41
12150 11340 382
23850 2070 85
10350 11700 583
10260 11880 641
7830 16200 722
6660 13410 176
6300 13500 115
6570 13140 115
6480 13590 173
6030 13680 145
6300 13680 133
9720 16200 399
9630 16380 408
23400 4860 64
23130 4680 229
3600 16650 247
8640 12420 318
10800 13860 547
8280 15390 765
7110 15210 481
3330 14580 203
9180 12330 460
9180 14670 487
9270 14400 449
18540 8010 36
18450 7920 63
8820 12420 286
4860 16830 649
7650 15210 671
14130 10800 148
13860 10710 122
10890 11970 654
12870 13050 393
12600 13230 472
19980 7020 51
19800 7110 108
20160 7110 81
10260 11160 294
21690 6750 0
13590 15210 175
10260 10260 239
8820 17010 443
7560 14490 401
7740 14670 480
7740 14760 500
10440 16200 278
10980 15570 227
11160 16470 181
10080 16200 314
9810 16110 354
5310 22050 24
10350 10440 374
8010 14580 543
11520 14760 376
12510 11610 422
12510 11880 514
12420 11790 542
12420 11520 419
12600 11610 426
12600 11970 442
12510 11520 390
20160 7830 10
11880 12600 734
11700 12690 661
11700 12780 643
10530 14040 599
3960 16830 513
3780 16740 342
18270 9360 54
13050 16560 95
18000 10620 95
4050 15660 252
15390 15300 44
15750 14850 15
12240 12600 649
7380 17010 798
10890 14040 548
4860 19260 225
4950 18810 326
5760 17010 855
5670 17010 883
10350 12960 644
9090 13950 525
9990 16740 296
8640 13230 384
3240 14760 198
12150 12330 678
23760 4860 41
9900 12150 450
4950 20340 105
4500 20160 148
13770 10890 158
16560 11340 50
6660 17010 982
11610 13230 741
25290 3510 276
13410 13230 314
360 18810 23
4680 18450 392
4500 18360 355
23220 2610 41
6660 12780 92
11610 11700 487
11520 11700 481
11340 14310 479
22500 3690 2
5310 19350 255
10800 15210 305
5850 17280 823
5850 17460 873
5940 17460 873
5850 17190 765
25560 4320 0
8370 12330 280
8460 12150 205
8550 12060 282
7200 14580 404
7200 14490 425
14310 11520 299
25740 3060 163
13140 12690 351
13230 12870 315
13230 12690 337
24390 2430 95
18900 7560 5
2340 17280 106
8190 17100 572
6570 16470 833
6930 18180 480
6750 18270 580
7110 18180 507
6660 18630 425
6840 18180 502
13590 13770 254
9450 12150 431
2970 14400 119
8550 15210 739
8460 15300 772
11520 13500 523
4500 17010 608
11880 12780 600
7560 15750 593
7560 15660 630
12240 13230 497
12240 13050 533
3780 17190 418
10440 9990 142
20250 7020 33
9720 11520 362
9540 11520 331
8730 15660 873
10620 12780 777
9900 12420 565
9450 15120 471
11880 13590 475
8730 17460 344
3330 16920 239
24480 2520 36
15120 13860 268
15300 13680 193
20070 7200 134
7290 18360 405
8010 15570 780
8460 16470 780
9090 15570 660
9000 15480 735
9090 15480 641
10890 12060 698
20430 7560 7
12870 18090 24
7560 14400 387
25020 3600 250
24930 3510 145
24930 3330 94
10710 13950 522
7650 20610 67
8460 20520 34
13410 13860 283
13320 13590 290
11880 12330 794
6480 14040 175
6660 13860 211
7290 14580 430
2520 16110 78
2520 15930 46
2700 16020 69
7020 21150 0
7830 20790 47
7290 21240 0
7920 21060 34
7470 21330 0
8550 20880 6
26190 3330 39
23220 4140 110
23400 4050 18
23130 4140 108
10980 15210 279
24210 990 0
3780 18360 277
7290 17640 611
24120 2790 19
24120 2610 43
24210 2970 42
24120 3150 5
10530 13860 639
10440 13860 675
14850 13950 173
7740 13410 353
21870 1800 28
25830 4140 25
7290 14760 477
9000 13950 510
9450 12870 487
9630 12690 478
9540 12780 506
9450 12690 483
10170 13770 576
10080 13770 547
9090 12960 424
22320 3960 0
25470 3510 304
8910 17280 385
8730 19440 120
10530 12510 683
15660 13140 302
7740 16200 651
11880 16380 154
11700 16110 149
11520 12780 728
5670 17460 801
11880 13410 513
11970 13320 563
9630 12960 542
11340 12870 867
2160 14850 24
7470 14760 533
7650 14760 486
18180 9630 48
22860 990 72
8010 18000 360
8370 17640 379
12690 14310 306
9270 11880 349
6660 15210 382
6750 15120 437
8550 11970 282
6840 16740 924
6930 16650 838
6750 16650 917
6750 16830 1021
7020 16110 674
7200 15930 563
8640 16650 617
9720 14040 508
9990 14040 497
26010 2970 91
1710 20520 34
1440 20430 0
1080 19980 35
11700 11520 464
10440 11160 359
8640 13410 405
11790 12240 749
23130 4590 248
10800 10260 241
8190 15030 669
10620 13500 747
6300 16650 931
6390 16560 912
14760 11340 125
23310 4320 122
12510 9360 74
12240 9360 100
12240 9180 48
15120 15750 44
4050 15930 266
4140 15840 291
3780 18540 246
7470 14940 590
7560 14850 567
22320 5400 85
11610 13680 573
21870 2160 28
21870 2250 0
25560 4140 97
5580 18630 481
6030 18540 572
6120 18900 366
5850 18900 396
6030 18990 327
5940 19080 331
12510 12420 477
12420 12330 509
18540 10170 41
24390 2340 99
7560 14040 312
7470 14040 340
17640 9180 56
17730 9090 90
22950 4680 237
23040 4680 255
2970 15480 80
6840 17820 715
8460 18360 252
8100 18540 276
5940 15480 416
7200 11700 33
6570 15660 491
4590 20790 78
4230 21600 36
2250 15300 19
15300 12870 187
7290 16920 822
8820 16470 724
6210 16920 723
17370 10710 52
23040 2070 74
11430 13500 564
9000 16110 536
9720 11790 443
10440 12780 691
8550 17280 514
9810 13500 754
11340 14850 347
4500 15930 369
4680 15750 374
5940 18720 463
9720 11700 395
10440 11430 403
10440 11250 347
4860 16470 553
10350 14490 456
5850 14130 150
6120 14040 183
5760 14220 176
11610 13050 793
6750 14400 245
23490 4770 73
13140 17910 0
6840 14940 396
10170 10980 280
8460 15030 716
6120 17280 716
6030 17370 760
10980 13050 816
6030 18090 807
15840 14310 90
24750 3240 100
24660 3330 42
24570 3240 30
5040 14940 233
4770 14850 184
16200 14130 66
16110 13950 194
16020 14130 163
24480 3960 18
24570 3690 72
24390 3690 15
13590 12330 274
13410 12600 282
13680 12150 229
8190 13140 245
23940 2520 56
26190 3600 10
9270 16380 457
7380 15660 568
11610 12600 699
24030 4770 0
9450 12240 502
9270 11970 332
24120 2520 106
23850 4860 23
8820 10800 164
4770 13140 33
4500 13140 43
4320 14040 68
9630 20520 0
10620 13770 585
8100 15030 643
4230 17100 574
10890 12330 796
5400 17280 726
9990 13680 598
26010 3330 102
25920 3240 166
3330 14490 174
12960 11700 303
4230 18090 343
11340 10530 259
11250 10530 273
10080 10440 210
9900 10710 213
9990 10800 221
9810 10710 237
7650 13950 311
11790 15030 298
11970 15570 203
11430 15570 242
11340 15930 181
12420 15030 239
12600 14850 273
13590 17550 27
12690 18270 0
12600 18180 0
12690 17910 51
9000 12780 412
9630 13320 638
9540 13230 544
16830 12150 60
10620 10620 503
6840 18090 535
11610 12960 786
6300 18990 359
6300 18720 455
18000 8820 143
12060 12150 621
14670 13320 249
14850 13500 319
7560 16740 699
12600 12870 428
12690 12960 445
6210 17820 937
17280 13050 21
8460 9810 20
7830 15840 759
24840 4680 20
9630 11160 238
9810 11160 320
5040 18090 483
5040 18270 521
15210 14220 123
11160 9540 91
9090 13320 465
19350 7290 10
20340 6930 6
15120 16110 0
5940 17280 745
11880 16110 163
11880 16200 139
13590 17640 20
6030 14760 273
18720 9810 18
11340 16200 194
11070 13320 690
12060 13320 551
15570 13140 307
7110 13320 264
7920 17460 489
11160 16200 191
21690 6480 113
5670 17910 842
5670 18000 834
5490 17820 703
5490 18000 740
6120 13320 97
12150 12510 660
7650 14220 340
21690 1620 0
13230 10080 133
6840 13320 150
6480 16920 837
6840 19170 246
6570 19170 310
11610 12240 622
11970 10440 255
7740 11880 154
9000 11340 280
10080 12060 560
6480 18000 720
12060 13140 552
9540 12240 519
8730 17550 331
8640 17640 307
15030 13860 260
22860 4680 189
7650 14310 359
5220 19710 167
22230 6300 0
8370 9720 0
8910 15660 808
8550 15390 819
11700 11880 493
24750 4230 54
3690 16200 261
22590 4770 121
22500 4680 59
10530 14850 397
7470 13950 332
10620 11340 465
10530 11160 408
10620 11070 455
10260 17010 219
10980 16740 195
8550 12330 261
8550 12240 228
11520 11250 401
11610 11430 403
10800 14490 398
7650 13860 302
7740 13770 368
14490 14400 124
12330 10890 305
11970 10800 302
4320 22140 0
2880 21510 5
3690 20790 89
7830 13230 361
11610 9900 161
5940 14310 184
9630 22140 0
8100 21150 0
9360 20790 0
1170 20160 0
13500 14760 171
13140 14490 245
15930 11700 99
19620 7020 19
16200 13140 255
17640 7740 35
23130 5310 70
22860 5310 14
22410 4860 60
22320 5040 12
22320 4860 30
22500 1440 111
11610 10890 345
11790 10890 272
13950 10800 150
10620 12690 768
7830 13410 385
6480 16650 929
3240 14400 101
4950 18090 459
7830 21240 19
16380 11880 81
9630 13860 605
24660 4320 12
4590 18270 391
2880 19080 163
2250 19260 92
1530 20250 37
15570 13860 166
8460 12960 254
8460 13140 323
12330 13320 493
25110 3420 152
7380 18810 278
7290 18720 288
7380 12420 128
7470 12600 108
13860 13770 243
13860 13500 307
14040 13860 242
14130 11160 328
4410 17910 386
4320 18000 385
4410 18000 369
23040 4770 233
9090 15840 579
5940 17100 708
10890 11790 581
10170 12600 579
10080 12690 587
5940 17010 739
8730 16560 712
11070 8910 0
9450 19800 56
9540 14310 468
16650 12330 90
21240 6570 92
12960 10980 248
13050 11070 302
13140 11160 309
3060 20520 72
2610 19890 107
7290 11880 51
1890 15210 0
2070 14850 21
2070 14670 0
6750 19800 160
8010 16290 841
5220 17910 565
4950 17370 628
4860 17190 719
11970 13140 576
6570 13500 156
6480 13500 161
22770 3780 22
13320 13050 333
24930 3420 101
25470 3690 219
22680 990 78
6210 16830 757
9900 10530 182
9810 10530 203
9360 9810 50
9540 12150 466
10710 14490 411
4500 18090 420
4500 18180 423
25110 2610 14
3600 13410 0
7920 12600 193
8010 12780 174
12060 14490 350
11700 14670 343
17370 10980 111
9630 19980 52
21510 6480 136
21510 6390 132
9270 15120 536
15660 15120 11
11790 11430 444
8910 12240 371
8910 12330 317
7740 17820 446
7830 17640 445
7830 17730 456
7920 17550 480
11790 11070 350
11700 10980 313
360 19170 0
360 16920 0
7380 17370 628
7200 17370 745
11520 15120 283
10350 18540 78
4230 16470 364
4230 16290 377
4140 16560 370
23670 2250 24
9180 16740 454
9180 16650 507
9000 16650 601
9090 11430 300
16470 12240 145
16290 12240 143
16380 12420 176
7290 14040 279
13230 17730 36
13320 17640 16
5760 16740 926
23040 1530 40
12870 13950 350
8370 13500 337
8370 13410 271
23940 1530 44
24030 1350 8
6390 17460 902
6390 17550 933
7830 15300 654
10800 10980 416
19530 7560 19
8460 12060 255
9540 15030 447
24120 2970 30
7470 14580 401
7380 14670 481
26190 2970 23
4680 13320 58
4860 13140 38
13680 17460 0
11790 12960 641
11790 13050 665
12150 16110 138
10710 11160 451
10620 11160 450
23130 5130 98
14040 13500 303
9000 12150 395
13230 17820 0
23130 1620 8
13320 14940 202
11970 11700 425
23580 4410 109
23580 4500 163
9810 10170 145
8460 13590 312
7920 17730 421
8910 16740 624
20970 6570 28
10890 10530 300
10890 10350 255
1890 20970 28
1800 21060 0
15660 12780 220
15750 12600 184
14130 15120 132
5580 14580 207
9900 11700 481
6660 14670 275
6660 14850 347
24660 3870 72
6030 20160 125
5670 20880 54
7560 12150 127
22770 2700 72
22500 4950 70
12600 16470 117
8280 13230 236
9540 12420 538
9630 13410 646
8640 15840 819
8640 15750 857
7290 12060 90
12060 15030 277
13590 16830 65
13680 16740 51
13950 16650 77
14220 16740 55
12060 13950 439
9450 17190 296
9630 16920 316
9180 17100 381
9090 17100 405
8010 16560 778
8100 16650 790
7920 16560 715
11250 12960 868
13950 11610 279
14040 11700 308
25290 3330 185
7650 15390 617
10170 10170 163
3150 14760 170
6750 16920 1038
7830 16290 704
18360 9720 88
25830 3780 77
26010 3690 66
16920 12060 17
8550 12420 320
6840 14760 316
6930 14670 298
3960 21600 32
4860 18450 408
13860 13860 225
22680 2160 134
22860 2340 145
6120 15840 554
7470 18180 410
16920 11430 49
12150 14670 303
11880 14670 347
20160 7380 94
20070 7470 108
17820 8190 79
17910 8370 129
17730 8010 91
17460 8010 27
17820 8550 74
3510 15570 168
12060 12060 561
8910 15120 610
10710 13230 757
10980 13320 744
11790 10530 212
17820 8730 70
20160 7290 107
10890 11340 385
14310 13860 316
10800 14130 483
13950 11250 249
7020 11790 13
11430 13320 607
11070 11430 386
7650 14580 440
7560 14580 399
11610 12870 753
7560 16920 752
4320 17190 617
4680 17640 452
4680 17730 431
9270 15840 479
20340 7830 18
12240 11520 373
4770 20610 107
10080 18450 87
17460 10890 118
12780 16650 70
12600 16560 100
12600 16650 81
8010 21330 0
8280 18990 187
16290 11700 144
16470 11610 66
24210 1980 67
24030 2070 106
24210 1710 28
24120 1620 62
24300 1800 21
9360 11430 249
9270 11520 311
9360 11520 276
9450 16110 465
7740 10710 17
7740 10800 0
8100 10260 0
7200 19260 214
7290 18990 232
4320 18810 276
10530 13050 706
15750 14130 116
18450 9540 114
12150 16470 135
9720 9360 0
9900 9540 57
5040 16560 611
4950 16650 654
5040 16380 601
11970 13590 457
5940 16470 867
6030 16560 938
7830 16020 744
12510 11430 363
12330 11340 335
8370 15120 757
11970 12690 686
25470 1620 17
7290 16110 584
10350 12690 634
9720 13590 738
24750 3330 60
13320 12690 321
13320 12870 306
14850 13590 315
9900 11250 338
13050 14310 248
16110 12060 212
16200 12150 153
14130 11340 337
14040 11430 284
14220 11520 334
14130 11610 336
7470 18900 248
7830 19170 168
18360 9450 101
270 19710 0
4860 12960 41
4680 13050 22
3060 17820 185
3240 18000 224
3150 17550 219
22590 5310 32
22500 5490 58
15840 14400 58
13050 13770 317
12960 13860 310
13230 13680 319
12240 14040 395
7740 12150 155
3330 17460 231
3600 17190 310
14670 13680 255
13500 14580 178
13680 14310 257
13680 14670 187
5940 13410 114
16200 9180 2
5490 13860 126
4500 18450 353
4410 18450 329
23310 4410 176
23130 4500 228
23220 4320 144
9180 13500 510
9000 13680 499
10890 14490 431
7110 14220 320
2430 15660 57
8730 14940 584
12510 13230 479
12420 13230 471
17550 9000 76
8100 16290 864
7830 12420 208
9720 14940 402
9720 15030 419
22590 5130 67
22770 4950 113
22950 5040 126
22860 4770 198
8460 11790 234
4680 17820 451
8550 14040 371
8550 13950 397
4050 17370 418
4140 17460 455
7560 11250 0
7650 11340 54
7740 11610 98
11610 10350 245
11700 10350 193
11700 10440 212
6840 13500 218
8460 15840 931
4410 12960 21
4320 12690 0
10260 11610 533
11250 11880 598
11340 11880 621
10710 12330 721
10800 12330 782
4950 14760 195
17100 11250 25
18360 8460 48
18270 8280 106
7740 13320 359
12420 13410 468
8190 14760 558
8550 16650 686
8550 16740 631
8100 16830 723
8190 16830 708
11430 11610 514
11340 13320 597
14850 16470 5
13590 15750 133
13770 15570 149
12330 12510 536
12330 12600 581
7200 18360 392
7110 18360 394
6930 18270 468
6840 18360 519
7020 18270 439
10350 11160 310
25290 3870 186
25200 3960 177
25380 3960 140
9630 12150 491
9270 15210 503
17550 9180 53
7650 10800 0
7650 11070 0
4590 16110 442
8280 15210 716
8280 15120 734
15480 13050 253
13410 11610 261
9900 16020 358
23400 4230 60
7920 14310 453
8010 14310 524
9090 14130 464
10980 10260 172
8010 17640 445
11970 14850 304
13680 12510 248
13680 12330 262
12330 15750 184
12870 15570 165
6480 13230 130
14940 16290 30
15390 14400 73
24660 4770 0
23940 4860 0
16110 11520 108
10440 18630 69
10530 18900 30
10440 19170 34
9000 14940 559
8820 14940 597
17730 8820 54
4050 16740 504
8640 17460 386
4590 17550 547
4500 17460 601
26280 3420 3
16740 12060 77
16740 11970 40
16830 11700 19
16560 11700 38
8280 12060 223
5940 14040 173
12690 9450 96
12510 9720 116
23760 2430 21
13950 14490 196
8460 14490 479
9270 16200 494
22230 630 16
25650 1980 49
18000 8100 119
3510 14760 126
9900 12960 540
21870 6570 16
7020 17010 888
8640 11970 279
4590 17010 623
23130 4230 122
24390 3150 24
24570 3060 72
24660 3150 65
22230 3690 16
16380 13950 58
16200 13860 190
6120 18630 516
7470 11790 89
8100 12870 210
7740 18000 420
22950 2340 131
10440 13230 757
9810 9270 16
12330 11160 339
12420 11250 315
7200 16020 599
23400 4500 161
8190 17640 396
7830 12870 215
7920 12780 154
12780 9900 146
11880 14490 369
11700 14400 422
7740 14130 383
11160 11160 392
11070 11070 320
11070 11160 348
10530 10440 433
6120 17550 853
6210 17640 923
25380 1530 0
15930 12240 195
15750 12330 142
8370 14400 509
11070 15840 226
11250 15750 197
14040 11070 286
12420 12600 505
12510 12510 456
8460 17460 399
11250 14400 444
11340 14400 456
7920 13590 389
23940 4770 9
22950 360 72
22320 6120 42
13860 12240 219
10530 12150 656
6930 16200 693
3240 15750 136
3420 16020 201
3330 16290 167
3330 16740 199
9090 14220 447
2790 16200 105
13860 13140 301
2340 21150 36
16020 13500 200
5580 15840 517
5580 15570 408
5490 15570 417
8730 12510 374
9000 17370 320
8910 10980 189
22500 4770 92
9630 14130 518
11970 13230 585
8820 12240 326
7380 12150 96
4950 16560 614
8640 14940 592
15840 12510 219
12780 10890 257
12690 10800 238
12510 10710 264
12870 10800 241
12870 10530 200
7380 11430 18
9090 13140 396
8100 14490 575
8100 16560 819
10710 13320 777
8010 14400 515
6840 16290 728
8910 10710 112
16290 11610 148
16380 11520 100
16200 11520 126
9360 12600 439
10260 17280 188
9540 17370 261
9900 18090 126
10170 17460 191
9180 13140 457
22140 3780 0
11160 10710 256
11250 10800 333
14400 13140 221
4230 15210 188
3960 15480 213
4500 15030 206
3960 15030 165
4140 14850 143
4050 14670 137
5220 17370 642
5220 17460 622
11160 13140 767
15210 13680 210
7200 13500 221
7110 13590 212
12150 11610 392
8100 17910 380
8370 18000 306
8460 17910 323
7110 13500 189
7560 13770 275
7560 13680 323
7470 13770 252
7200 13680 232
7200 13860 297
9540 15930 416
15750 13950 135
15660 13950 149
25290 4320 17
25380 4230 39
21870 5760 16
21690 5940 24
21690 5850 0
6300 22050 0
11700 10260 182
7020 14310 369
23130 2520 61
9450 11250 242
9900 17010 249
16020 11790 130
16200 11700 182
23850 1800 81
8370 18630 241
12240 9720 154
12060 9810 174
14220 14400 174
5940 16380 799
11430 12150 601
24840 2880 63
24930 3060 160
8280 15750 931
8280 15570 828
8820 15570 856
7830 15030 675
13500 8550 17
13680 8370 0
18270 10620 38
18090 10530 77
7200 14670 411
4410 17010 610
25830 4320 0
22770 1170 132
7020 16830 907
7110 16740 822
8640 17190 482
16830 12240 38
14850 13320 240
13950 17370 0
5310 17820 642
12060 12510 731
8910 9720 15
9630 9360 0
24840 4230 117
24840 4140 122
17460 7830 15
10170 12510 578
9090 10260 109
9270 9990 91
4410 16380 414
4500 16470 432
4500 16200 407
10890 11070 350
17640 8100 68
11790 10620 243
12240 16560 130
24300 1980 44
5310 22140 15
7110 16650 803
7200 16830 837
24930 4050 161
7470 17910 479
5760 18720 471
18900 9540 31
1530 18000 60
7920 17820 422
12330 10080 178
12870 14490 273
17730 9270 52
17820 9180 70
10530 12420 653
13950 12330 229
14130 12240 190
14310 11970 172
14220 11880 210
3960 14580 121
16560 13050 169
8640 11610 229
11970 12150 676
12960 10620 215
4140 18180 331
4050 18180 367
11070 10890 272
11160 10890 287
7470 13230 323
12420 11700 507
9630 12600 471
6210 19170 298
6030 19080 305
6390 19080 318
7020 13230 250
4320 18270 371
9180 13410 499
9540 18450 106
9540 18720 122
24930 4590 46
7830 12240 190
25020 3780 256
15660 12600 163
5310 16740 746
5130 16560 628
900 17370 23
3690 15480 166
11250 9090 39
6390 18090 781
6210 18000 883
6300 18090 807
7560 15570 615
11430 11520 486
15300 13770 178
15390 13770 164
15210 13860 229
900 17100 32
10800 16020 232
11430 16650 155
11340 16920 158
11880 17550 65
11700 17730 83
11970 18000 38
11430 18000 59
12060 17460 86
11790 17280 91
11520 17370 115
12690 16830 95
3870 20340 106
9270 15660 583
25560 3960 137
14220 13950 292
7650 16020 636
7650 16110 615
10980 12960 810
8550 10440 105
4500 16650 481
8640 15480 849
22410 5220 69
7380 15840 523
2970 14310 59
3060 14310 80
3060 14220 33
11790 12780 607
11790 12870 609
24930 3240 147
8910 11430 219
2790 14490 43
2700 14490 18
5220 18000 586
11790 11160 376
8460 15930 926
10440 12150 647
7200 13770 279
24660 4050 49
12870 12870 398
12870 12690 362
20250 7290 71
20340 7380 30
10080 12960 548
16920 11610 19
17010 11430 40
17010 11700 10
9450 10710 203
9360 10800 210
9270 10890 161
3870 15840 245
3960 15750 231
14220 13680 304
14310 13770 318
7650 15570 646
7740 15480 664
7830 15480 669
3240 15300 115
3330 14940 100
3330 14850 130
10350 15930 274
6300 15300 401
6300 15570 456
6210 15120 336
6120 15120 349
6390 15030 325
6030 15300 368
5850 16470 844
7920 15390 690
10800 11700 547
8730 16740 577
6480 18360 587
6660 18450 527
6480 18180 703
6570 18090 670
16740 12510 81
25740 3510 221
22860 450 113
6480 13320 126
6390 13410 137
7830 10800 27
26100 3150 102
7110 13050 226
7290 12870 175
7470 12870 168
7020 12960 172
6930 13140 221
10800 14940 319
9810 12150 462
11610 11520 425
11520 11520 439
4500 16020 396
14310 11340 319
14490 14130 162
15120 15120 60
15480 15120 46
15030 15210 48
14310 8910 35
17640 10800 89
8100 15750 894
12690 18090 33
9000 10980 161
8190 14490 574
10710 11610 569
630 17370 10
10710 11520 548
21240 6300 17
21330 6300 23
3330 18900 204
10080 16290 323
6840 14310 312
6480 15480 443
6570 15300 416
6660 15390 447
6660 15300 397
6750 15300 391
9180 19170 118
22770 5130 54
11160 12420 740
11070 12510 824
2520 17640 138
2880 17460 165
2970 17640 190
2250 18270 104
2610 18540 151
2970 18270 169
17460 12690 2
17100 12960 35
5580 13230 74
5130 13230 75
4950 13320 51
5580 13590 111
5490 13680 98
6030 19170 284
10170 15480 314
10170 15300 338
10080 15210 341
8730 16020 673
8730 16110 664
8820 16290 629
8640 16200 760
8820 16110 603
8640 16020 718
12780 11340 363
12870 11430 360
13050 11520 292
12690 11340 369
12780 11250 354
13050 11340 325
12240 13590 445
12150 13410 496
8910 11610 210
8910 11520 198
11160 10620 244
5310 18090 625
10980 13590 698
24840 3870 188
11610 13950 517
11700 13860 537
8460 10170 35
9360 12420 495
3870 16560 307
7200 14400 409
7380 14490 369
10980 14940 360
8910 14040 426
10350 12510 612
5670 17550 814
11790 13500 520
22950 1170 57
23130 1080 0
6930 15930 606
7020 15840 537
12060 9450 92
12420 12420 510
9270 16470 491
22770 4680 140
11430 9720 113
19530 7110 30
8460 11610 170
7650 11700 120
8100 17010 611
14310 15300 105
9180 14040 486
24300 1170 14
16020 13410 165
16020 13320 178
12240 11610 412
8100 15570 810
25920 4140 15
14580 12420 187
14580 12870 184
14940 12870 193
11790 18000 59
10890 12960 798
21510 6210 30
8730 15930 719
3240 17640 218
22410 5760 40
2160 15660 23
10530 14310 510
15750 13320 242
15750 13500 257
22590 5670 9
22590 5580 10
22590 5490 40
12150 17910 61
19350 7110 0
5220 12510 17
5580 12330 0
6300 12780 60
6120 12870 79
6030 13050 74
630 19530 0
540 19350 21
19710 7380 145
19710 7290 151
13230 11700 265
25650 3240 245
20880 6750 68
20790 6840 23
8550 13590 303
8640 13590 347
12960 10530 193
16740 12600 84
16830 12690 50
15390 13950 134
15300 13950 185
10710 9000 18
6480 16380 840
6480 16290 806
22140 720 0
12780 13860 370
9000 14580 477
7560 14670 444
22590 1530 129
22680 1440 104
18450 8460 36
4050 14760 129
4680 17550 533
10620 13410 801
7740 15660 683
8730 16200 698
6030 12420 35
16560 12960 171
11250 12690 810
13140 10260 169
1350 16740 41
1710 16560 35
1440 16470 34
4500 17820 406
4590 17820 409
5490 16470 744
5400 16650 792
5310 16470 672
8100 14220 534
8190 14130 473
7290 17910 555
2790 14220 0
21330 6210 0
8730 11700 261
4320 17730 458
4410 17730 471
11340 12420 695
17910 9360 40
15120 12150 123
10890 13950 582
6750 14220 275
6570 14220 200
7020 15120 445
7020 15030 423
11340 13140 753
10800 12780 831
16470 13590 109
22410 450 75
22320 360 11
10800 10710 386
6300 17640 912
5400 16200 619
7290 15030 467
17910 10350 110
23310 5040 83
23490 5040 10
8820 17100 457
5760 17370 824
16200 11970 183
16200 11880 169
16110 11790 171
4680 18360 413
4770 17280 673
9900 11790 475
11970 15120 257
12150 15210 249
9990 11340 360
10080 11250 380
4140 17370 450
18090 8370 136
8100 17550 431
4050 16650 428
4050 16560 358
24840 4320 93
7110 13770 289
6750 15390 411
12780 13770 345
11250 12780 857
11430 12420 658
9810 18540 94
9900 18450 74
3420 21600 22
3600 21690 0
7830 13050 275
9000 20700 8
6660 17910 656
12240 14310 364
12240 14130 402
10800 12870 812
8730 14580 532
4410 17550 540
11880 9810 122
11970 9720 149
11880 9720 114
14220 14130 188
8640 11790 219
20340 7290 38
11880 11610 470
11880 11700 446
7290 18540 325
6930 14400 331
6570 19350 248
12960 14040 322
12690 12780 410
7290 19170 207
23940 4320 60
4950 17100 751
22140 5940 75
22050 5940 91
25470 2700 50
22320 3600 22
25740 4230 13
8370 13050 299
7650 16830 669
14490 13680 279
26010 3600 90
10890 19170 5
8280 16380 819
10980 12150 719
8550 14850 619
4860 19980 139
2160 21150 0
25650 3870 97
25650 4050 102
3600 13860 17
24480 2790 94
2430 21420 22
5580 15030 284
5670 14940 246
8910 20610 33
11340 10260 220
11250 10350 202
11340 10440 231
9000 10530 154
10530 15210 284
26370 3150 13
9990 13320 717
9900 13230 651
10530 11880 647
10620 11970 703
10530 12060 720
17190 11070 62
13140 17550 49
22320 1890 143
8820 13860 418
4500 17280 638
4500 17190 662
17820 11070 24
18000 10890 75
6480 19890 154
6390 19980 128
10440 10710 469
10440 10620 475
9900 13410 759
8460 16110 896
11700 18360 42
3240 14670 216
16200 11340 75
16290 11160 52
5850 17370 861
8370 12510 304
8100 12690 226
8100 12780 199
24480 2430 73
7290 17460 680
4770 16560 551
6030 17100 698
11520 12600 701
10620 10530 476
9630 11250 249
9720 11250 259
9540 11250 260
6750 13410 190
8820 11250 211
8460 15390 768
10620 14580 439
6480 17550 946
9810 11250 296
270 18720 13
12420 13140 496
8460 16830 715
24300 3060 46
11700 14220 443
14040 10980 264
3150 15930 144
15120 13680 260
8190 18000 346
5850 16110 637
5670 15930 537
5760 16200 689
13950 8460 0
14220 8460 23
7470 18000 469
11250 10980 357
2880 14310 29
7290 13770 257
17190 11250 25
12240 13680 392
10800 13590 616
10530 14220 525
12690 13860 378
9810 11790 446
9810 11880 493
10350 14940 348
10440 15120 321
10350 15210 297
11340 18090 74
9270 16920 398
15030 12330 154
8190 20880 35
8280 20790 20
5130 19530 209
4500 21960 0
15300 15390 26
22680 900 84
14040 14130 187
13950 14220 225
4680 15030 200
4770 15300 255
4680 15210 225
4860 15210 263
5130 15390 319
4950 15390 317
5490 15120 310
23850 4500 118
23940 4590 43
22320 1350 56
22410 1170 74
19710 7020 31
19800 7020 73
11700 13320 644
11790 13410 541
5040 17550 545
5040 17460 581
13320 16020 123
13140 16020 110
13050 16290 91
12870 16560 99
12870 16740 58
22500 2520 90
22500 2610 51
22410 2970 0
22590 2340 126
25110 3690 287
11250 13590 647
11160 13680 650
8640 18270 259
8550 18090 271
8550 18180 278
8730 18180 244
12060 14130 421
7920 16020 829
8010 16020 919
5580 14130 146
6570 16200 761
6570 15840 567
7110 14940 387
3150 17370 199
3240 17190 226
3420 17100 256
7380 16650 727
19800 7470 135
5670 19710 175
5400 19710 187
6120 19710 188
6390 19710 167
6570 19710 187
14220 15570 122
9360 10440 168
9540 10170 118
8640 14130 421
3780 16920 422
9540 11700 329
9630 11700 378
9450 11700 320
12240 13320 508
6750 20070 124
7290 20430 69
6930 20430 86
6840 20700 46
22950 2160 111
2790 16020 83
25020 4230 132
25020 4140 130
25110 4050 135
6930 13320 175
6930 13230 217
11970 12870 545
5760 18000 835
12060 12600 715
5220 16650 678
5310 16560 718
11160 11340 404
11160 11250 422
11250 11430 467
8280 13320 267
16380 13320 130
7920 12510 191
7110 12150 55
7200 12420 95
7110 12510 69
7200 11970 64
9720 16560 381
9630 16650 316
9720 16650 354
9810 16470 355
7380 11340 0
22770 2430 112
17640 8280 52
4680 21960 21
8730 11160 187
9000 12510 398
11430 11160 398
11250 13230 654
8550 16020 840
10440 13500 772
10530 13500 776
16650 13590 44
8460 13770 373
8280 13770 427
8190 14040 442
11250 11700 520
17910 10710 129
10170 11880 601
10170 11790 601
9900 12240 516
5760 17640 835
6300 16470 889
6210 16470 916
6120 16470 914
22140 2340 40
6840 17730 787
16110 14220 84
24480 3690 31
7290 15660 524
12420 12870 469
18450 10620 8
7200 18630 323
6930 18630 387
6840 18540 433
8730 16650 639
11700 11430 436
9720 13410 705
8730 15750 870
10890 13410 735
4320 19080 223
11520 11970 553
11520 11880 544
17730 8910 74
17730 9000 100
8910 17460 321
8820 17460 319
7470 11520 53
7560 11430 36
8820 9720 0
9630 12510 503
15480 13770 174
10260 13050 599
7380 12780 139
3240 21600 15
2880 21690 0
2610 21510 0
12330 14040 382
12510 14040 359
7650 16920 690
4590 19890 174
9990 13230 649
22140 1800 71
22230 1710 69
12060 14310 398
9720 15390 421
8280 15930 951
8370 15930 959
25470 1710 48
25470 1800 60
25290 1710 0
7290 15120 513
8550 16920 654
3780 16290 263
24390 2880 99
5490 14310 169
5130 14580 160
15390 8820 13
10260 13590 638
10350 13590 701
9090 16470 572
9090 16560 578
11070 11880 596
10260 13320 750
10260 13410 750
5130 17010 782
5130 16920 788
5220 16920 809
11430 12510 674
8280 11520 186
15210 12780 189
15390 12690 158
6930 13590 239
11700 10170 171
4500 15390 254
15570 12690 168
15300 15480 28
15480 15300 33
6660 12420 53
3870 21060 59
3690 21510 35
3870 20700 96
6930 15660 487
8820 13410 420
15750 13050 310
9180 11970 320
8550 17370 462
7110 15660 471
6390 12420 33
9270 20250 71
16470 12060 89
16560 12150 143
25560 3420 297
9000 11700 239
9090 11700 247
23850 2250 71
22590 5760 19
22680 5760 0
13230 11880 284
13410 12150 263
6660 14310 218
2610 18450 135
4680 16920 633
11160 12240 697
18270 10350 39
18540 7740 53
18360 7650 7
11430 14130 471
11520 14040 517
15570 12870 204
12960 11610 300
3330 17550 247
9630 11340 293
11610 14220 458
10620 18720 62
5670 14850 251
5580 14850 226
10980 14130 556
10890 14130 535
10980 12330 758
9360 13230 488
9270 13320 481
8460 11070 103
8550 10980 138
8460 11160 106
16020 13140 282
12420 9270 74
17010 7920 0
9090 10620 166
18720 9090 36
18540 9000 72
20970 6840 70
3330 18180 211
3600 18270 234
17010 13320 45
10530 13590 709
10620 13590 643
10980 9990 118
11160 9900 152
12690 13410 451
12600 13500 406
12600 13410 418
12600 13320 464
24840 4500 66
9180 11520 308
9090 11610 245
24840 90 0
24390 1170 0
7560 17010 734
8280 16650 786
5040 17280 687
12060 8820 12
8730 13770 368
2970 14760 119
2970 14850 74
2970 14670 144
2880 14580 111
2790 14670 62
10800 13770 582
20070 7020 57
20070 6930 18
9900 12330 569
20430 7650 16
24120 2700 19
15030 14130 159
11520 13590 559
8010 15030 639
11610 10710 320
24570 4230 0
22680 1080 92
8460 13410 256
26100 2880 37
5940 15750 489
11520 12870 793
9180 15930 505
7740 21330 12
14760 13590 299
14760 13500 323
9360 13590 588
7740 12600 139
4590 12960 17
18090 8460 117
8730 11970 273
8730 11880 250
12510 12690 463
23040 270 12
23040 360 49
11970 11610 444
13680 17550 0
7830 17910 409
9720 12600 498
12420 16650 101
12330 16740 121
6570 18180 676
6570 13050 141
11970 9630 138
6480 12870 101
5670 16470 806
10890 12690 825
7380 15120 554
7470 15030 575
12150 14400 369
8370 16470 801
10620 15210 303
10710 11790 617
17100 10980 49
17280 10800 68
10350 15120 304
12150 14220 388
3780 16200 283
15210 12510 144
15210 12690 160
8370 10890 100
8370 11250 127
8280 11250 109
8100 11250 134
8190 11070 81
8100 11070 95
10890 13770 645
10890 13680 632
4950 12690 22
4680 12690 0
11880 17190 108
11700 17100 111
7470 15120 603
2970 21240 37
14940 11700 130
5400 18810 401
5400 18990 334
5220 18630 417
5400 18450 523
5040 18540 426
5490 18630 477
7110 15480 486
7110 15570 495
7200 15570 517
18360 9090 55
9360 15570 542
9360 15480 553
4950 16020 489
5130 16110 556
5040 16200 552
7200 18090 534
3690 18450 251
20070 7650 30
4500 15750 342
4320 15840 311
11340 11340 454
4140 20520 107
24210 2880 56
8550 16560 719
8640 16560 691
5220 18090 572
14760 14040 147
26370 3420 0
10800 12510 841
12960 13320 404
9450 15750 514
10080 14940 340
5400 16920 813
5040 19710 168
4680 19800 156
10800 10080 159
4680 18000 455
11430 10800 327
25740 2700 17
12780 14130 292
12690 14130 296
12870 14040 334
4230 18360 345
12510 11790 495
12600 11880 461
12780 11790 360
12870 11790 329
9000 12870 385
13680 13680 260
12330 11430 357
8190 17820 368
21600 6120 28
23850 1890 90
23130 1980 50
21060 6570 61
8460 12240 226
8190 15300 754
11430 12960 852
9540 13500 637
9540 13590 683
5310 16200 609
6120 16380 844
8550 17010 611
18720 9270 60
17640 7650 13
17730 7470 0
7380 16200 616
10530 11610 548
10440 11700 566
10620 10890 457
8640 15120 665
8550 15120 695
13320 12420 299
10350 13050 642
10440 13050 688
9720 14220 470
7200 13410 273
7290 13320 316
7380 13590 267
7290 13680 225
7470 13500 341
8010 15660 796
22230 5490 70
25830 3870 41
23310 3870 3
23220 3960 22
6300 22140 0
17820 10440 103
15480 14850 40
1170 16470 19
1080 16560 0
22500 2880 9
10800 17640 133
22230 450 9
22320 540 63
18090 8730 140
18180 8550 88
18180 8820 90
18360 8910 58
18180 8640 104
18270 8820 64
18090 8550 113
24570 2250 38
5490 17640 753
5490 17730 715
7830 14670 495
9900 14220 476
9990 14220 475
6930 17820 714
11520 13050 818
7650 16740 674
8910 15750 788
7380 18720 295
7470 18630 284
5850 16830 892
5850 16920 820
19710 7650 26
19260 7830 4
4770 18540 366
8910 13680 446
11070 13230 716
11070 13140 787
8460 15660 849
10980 10800 287
7560 13320 317
7560 13410 359
9000 11430 271
10890 11610 500
21240 6390 43
22680 5130 49
8910 16200 571
4770 17550 508
7740 15570 685
8730 17100 502
6570 17550 963
15120 13590 257
15030 13590 301
9540 16920 325
17910 10800 112
8730 17370 389
5670 14400 180
11610 10170 208
9720 11340 284
24750 4410 35
10710 11880 655
5490 16920 833
10890 10170 177
22230 540 24
14220 13320 267
7380 14130 306
7290 14220 317
7470 14130 340
7380 14220 313
2610 21330 31
14490 14040 185
22680 4320 34
22500 4500 49
11880 10620 225
14130 16470 70
23940 1800 99
8280 10890 71
8190 10980 65
15030 16020 30
14940 15750 49
15120 15480 48
6570 18360 585
5130 21240 58
4860 20970 88
4680 21150 57
5310 21510 56
5850 14400 205
4950 13500 75
8370 16740 766
8460 16740 714
7740 14940 622
9810 13140 628
5670 15840 505
11070 11970 649
9540 13410 612
16020 13770 226
16020 13680 240
8010 12150 133
22770 3600 4
9000 16920 489
3780 18180 275
7650 14040 324
5040 15660 394
5310 15660 412
7830 14490 437
7830 14580 449
7920 14490 495
24840 3150 147
7650 18000 425
8910 12510 368
8820 17370 353
17730 7740 42
17820 7830 36
17730 7830 54
9720 17640 195
9270 17550 281
22950 1440 58
25200 2880 93
25290 2970 145
25200 2790 52
25380 2880 95
6390 13320 117
11250 16020 200
23130 2790 21
22860 1800 118
22950 1890 130
6660 15660 508
22230 5040 0
9720 16830 285
9720 16740 307
23040 4320 109
23130 4320 138
25920 4320 0
14400 13590 341
8910 10620 106
16560 10710 30
16020 10530 48
7290 12510 91
990 19530 35
16290 10260 27
25020 3060 176
25020 3150 174
13950 11790 257
7920 13050 247
9180 18900 130
990 17910 34
8190 14220 513
8280 14130 461
13680 17190 43
26460 2700 0
13230 11430 265
22410 3510 4
25470 2070 12
25380 1890 26
12870 15120 219
21960 6300 37
21870 6210 96
22050 6300 17
22050 6210 49
13140 9270 62
20700 7560 0
20430 7290 12
15390 15660 15
15390 15750 0
5580 16830 862
8460 12600 334
3510 14580 118
24030 2340 88
4230 16740 475
6300 17910 879
6390 17910 796
9630 12060 451
9630 11970 425
9720 11970 456
10800 14400 431
16380 13590 138
16380 13500 88
12150 18270 33
8100 17190 527
11970 13050 590
19890 7290 158
14400 11070 182
14220 11160 306
14220 11070 275
14490 10980 120
7920 11970 176
9450 16650 379
9540 16650 332
16110 14580 11
10530 12780 723
9180 15660 593
6750 13770 190
26100 3330 68
25380 3510 301
25380 3600 282
6660 15120 402
6660 16560 864
7380 15930 539
7290 15930 564
13320 12510 298
8550 12150 244
8640 12150 297
8730 12060 319
8640 12060 304
6030 14310 207
6030 14490 217
9990 12690 570
7020 19710 148
10800 10440 335
24660 3780 95
24750 3780 147
24750 3690 136
8100 14760 554
8010 14670 508
8010 14760 530
26280 3240 44
23580 2520 7
11790 14580 367
14130 8370 11
4320 16920 532
4320 17010 589
14220 17100 11
9810 9180 11
10890 10980 354
7920 15480 702
10620 14940 362
12510 11340 334
12150 9360 94
12330 11610 459
6300 12960 78
16740 12870 89
23310 5220 61
9990 11250 363
10080 11160 344
12690 13770 382
11160 12690 832
2340 21420 0
22410 1710 131
8460 12420 317
24210 3060 20
14130 14220 168
14040 14310 199
9180 10440 143
16470 13230 112
9090 12510 410
11250 13140 749
9900 15300 370
4590 15570 303
18180 10440 69
11250 10080 175
8190 15390 762
10710 10890 450
1260 16470 13
990 16650 15
9000 13500 460
4770 17640 455
14400 13950 253
14490 13860 228
9450 13500 622
8820 12510 363
17910 7920 55
25380 3060 166
25470 3150 186
22860 1980 161
22050 6120 90
25380 3420 276
11160 15210 299
9630 17910 177
9540 17820 192
9270 17820 225
9000 18000 211
8910 18090 239
3960 22230 0
25920 1800 15
26010 1710 0
5850 15210 333
5670 15300 335
5850 15390 365
5940 15120 316
5850 19260 279
5580 19080 332
5760 19440 225
24120 4230 3
12690 14490 281
6930 16470 785
3060 18000 197
10530 11430 442
10620 11430 504
16200 13230 221
15300 13410 307
15210 13320 294
15210 13410 304
8910 17100 396
9090 16110 521
9090 16020 490
11250 14670 404
11340 14670 384
11070 14580 433
10980 14670 409
3150 16830 179
17730 8280 62
10260 14310 506
10170 14310 511
8010 13230 337
17370 12240 -6
17010 12240 11
14220 8280 0
10350 11970 679
11700 12150 645
9000 11250 273
23490 4320 78
12060 11880 481
12150 11880 497
11970 11970 539
8010 17730 412
8550 11700 192
11790 11610 487
7380 13860 302
7200 18900 260
13860 12060 206
18540 8640 30
9270 18810 144
9990 10980 260
9900 11070 314
10080 10980 249
9900 10980 293
10080 10890 267
3960 17280 452
12510 12240 485
12510 12330 466
9630 11430 309
9450 15660 519
15210 13140 260
22500 1170 105
2880 14040 0
11880 10260 214
23310 4590 164
8820 11340 183
6210 14310 213
6120 14400 226
6120 14490 222
11880 12510 769
5220 17550 653
5130 17550 582
6030 16740 920
6030 16650 958
7650 16200 636
5130 18000 517
10260 11790 619
8010 15750 842
8010 15840 879
14670 14940 77
14670 15480 77
14670 14670 105
9720 9090 0
6120 20880 57
5940 21060 41
1440 19620 61
2070 19800 68
1260 19980 36
1350 19350 52
6210 12330 21
2970 16560 143
8640 14220 450
4320 18540 307
9270 12600 446
9000 12960 397
9810 19890 31
26100 3690 31
26010 3960 0
26010 3870 10
8010 21150 0
8910 19620 113
8010 20340 60
8100 20160 84
10530 15660 272
16020 12420 228
16200 12420 188
5580 16650 845
5580 16740 878
11070 17820 91
10980 18000 103
7380 21150 20
4140 17190 530
6840 15300 421
6390 17010 759
11250 12060 649
4770 18180 435
8820 15480 829
19710 7200 131
12330 11970 616
9360 11880 385
9360 11970 367
14670 11610 140
14490 11520 205
9900 13500 755
9720 10980 283
5760 17820 880
6660 19080 303
6840 18900 313
25110 3510 203
25110 3600 263
25020 3510 187
18000 8370 148
10980 11430 386
11430 13230 706
23940 2070 106
25200 3690 261
8280 15300 730
8370 15300 737
8190 12960 236
8190 13050 257
11970 14490 370
11070 10980 301
8280 15660 890
24480 2070 19
11160 10800 282
14310 13680 321
20880 6930 26
11160 12780 844
4410 17280 618
10260 15300 322
10440 15480 278
12960 16650 87
7470 16470 658
7560 16560 682
7650 16560 661
3870 17010 503
4500 22050 0
17910 10620 127
22140 2250 81
7380 12870 161
10350 13500 737
8550 17460 403
8550 17550 342
25650 3420 271
16830 13320 68
16740 13410 48
16920 13410 51
16740 13590 36
12510 12600 470
12600 12600 427
7560 15120 655
5220 18900 348
5220 19260 254
15570 15030 37
24030 1710 70
24660 3060 82
25200 2970 152
26280 3330 13
12690 13680 366
9090 18180 207
9180 18000 196
9900 10890 263
5130 17640 594
14760 11610 125
5760 19800 176
3690 18720 251
3690 18540 238
3510 16740 254
3600 16830 293
3510 16830 254
13680 14940 145
14040 9090 37
6390 14580 258
8550 19710 117
18000 10350 126
18090 10260 87
18090 10350 107
4140 17910 421
8370 17460 398
7380 16470 666
7380 16380 660
7560 18180 405
7560 18360 337
7380 18450 354
9900 19170 52
10170 18900 61
9720 19350 70
10350 18900 35
7380 19260 188
7290 19350 199
4140 17010 584
8280 17010 676
8190 17010 620
9090 15660 639
9000 15660 712
16560 13140 140
15030 13950 230
21510 6570 104
23130 5400 47
22950 3240 14
18630 10080 25
18450 9900 87
8730 10350 70
7560 12060 123
2520 17100 123
2430 16740 89
17820 8910 79
17910 8910 85
8730 13950 368
25830 3330 191
7020 18360 446
6930 18450 457
9090 17370 314
9180 17370 332
1710 18090 82
1800 17910 75
1890 18270 81
1980 18090 97
1890 17820 91
5040 17820 550
7380 15300 522
7290 15390 529
7380 15390 555
8550 13050 280
13680 13320 301
6480 13140 107
5580 16020 583
5670 16110 618
6300 14400 227
6390 14310 225
6480 14310 204
8010 10620 34
12150 16290 109
12330 16200 144
11880 9540 100
11790 9540 82
4860 21420 66
4590 21780 32
23580 4860 32
25920 2970 108
25740 2790 34
8280 16290 857
8190 16200 915
14310 14850 113
14220 14760 155
7740 16380 659
7740 16290 667
5040 13410 66
15750 10710 51
2160 18900 111
